0.0
1.01396739483
1.01398813725
1.01399099827
1.01398134232
1.01398456097
1.01398050785
1.01398742199
1.01399683952
1.01401400566
1.0140376091
1.01409542561
1.0142570734
1.01445126534
1.01451075077
1.01454555988
1.01456844807
1.01460206509
1.01459562778
1.0145932436
1.01460194588
1.01460278034
1.01460719109
1.01460909843
1.01460456848
1.0146048069
1.01461744308
1.0146099329
1.01461458206
1.01461338997
1.01461458206
1.01462066174
1.01462459564
1.01462054253
1.01461648941
1.01462161541
1.01461672783
1.01460933685
1.01464545727
1.01467967033
1.01467847824
1.01467907429
1.01469123363
1.01469886303
1.01471555233
1.0147190094
1.01471602917
1.01472437382
1.01472902298
1.01473653316
1.01473462582
1.01473939419
1.01473522186
1.01473522186
1.01473116875
1.0147254467
1.01472902298
1.0147330761
1.01467633247
1.01462423801
1.01462900639
1.01463985443
1.01464104652
1.01465165615
1.01466417313
