1.01395666599
1.01393580437
1.01401138306
1.01395392418
1.01394116879
1.01397252083
1.01393556595
1.01400911808
1.01457309723
1.01465451717
1.01456391811
1.0145945549
1.01447725296
1.01462161541
1.0146137476
1.01455354691
1.01452672482
1.01470637321
1.01457095146
1.01459991932
1.01456344128
1.01458287239
1.01456165314
1.01464104652
1.01463854313
1.01465570927
1.01464962959
1.01461493969
1.01464164257
1.01460087299
1.01462697983
1.01462817192
1.01460087299
1.01459956169
1.01465308666
1.01470136642
1.01464533806
1.01467001438
1.01468408108
1.01468455791
1.01473605633
1.01469004154
1.01480078697
1.01471745968
1.01474988461
1.01470899582
1.01471853256
1.01474618912
1.01474499702
1.01476848125
1.01474368572
1.01471316814
1.01470124722
1.0147356987
1.01461625099
1.01453709602
1.01462900639
1.01464033127
1.0146023035
1.01467835903
1.01469373703
1.0146638155
1.01462256908
1.01466822624
1.01471209526
