1.01457774639
1.01457118988
1.01457369328
1.01458644867
1.0145856142
1.01458251476
1.01458323002
1.0145907402
1.01459980011
1.01460301876
1.01460087299
1.0146061182
1.01461088657
1.01460659504
1.01461112499
1.01461482048
1.0146163702
1.01461541653
1.01461493969
1.01461613178
1.01462948322
1.01463007927
1.01463699341
1.01464748383
1.0146509409
1.01466405392
1.01467740536
1.01468455791
1.01469838619
1.01470732689
1.01471292973
1.01471972466
1.01472043991
1.01472127438
1.01472318172
1.01471853256
1.01472091675
1.01472496986
1.0147254467
1.01472854614
1.01473283768
1.01472961903
1.01473474503
1.01473498344
1.01473236084
1.01473736763
1.01473653316
1.01473855972
1.01473593712
1.01473486423
1.01473116875
1.01473712921
1.01473808289
1.01473641396
1.01472628117
1.01472055912
1.01470959187
1.01468884945
1.0146791935
1.01466679573
1.01465559006
1.01464986801
1.01463055611
1.01462745667
1.01462948322
1.01462984085
1.0146279335
1.01464176178
1.01464629173
1.0146509409
1.01465511322
1.01466310024
1.01466226578
1.01466596127
1.01466929913
1.01466834545
1.01466977596
1.01466429234
1.01466667652
1.01467084885
1.0146727562
1.01467013359
