3.06161427498
3.06215667725
3.06002449989
3.06026148796
3.06015896797
3.06004977226
3.05954408646
3.06150245667
3.06086921692
3.06028413773
3.06133055687
3.06058049202
3.05964136124
3.05932211876
3.05963349342
3.05839562416
3.0606572628
3.06099462509
3.06024050713
3.06081962585
3.06081676483
3.06084728241
3.05950832367
3.0600194931
3.06082391739
3.06079888344
3.06023287773
3.0598783493
3.05921292305
3.05958580971
3.05992603302
3.06026768684
3.06121754646
3.06057429314
3.06136965752
3.06159424782
3.06073236465
3.05980825424
3.06153011322
3.06100893021
3.06133937836
3.06104588509
3.06129264832
3.06205415726
3.06186246872
3.06057524681
3.06047296524
3.06146121025
3.05932188034
3.0604596138
3.06119322777
3.06196069717
3.06195211411
3.06150078773
3.06187152863
3.06167602539
3.06366491318
3.06163311005
3.06136655807
3.06212806702
3.06125855446
3.06060004234
3.06037282944
3.06108570099
3.0590839386
3.06186151505
3.06063270569
3.06025695801
3.0619225502
3.06185913086
3.06217193604
