3.0619699955
3.06180644035
3.0603864193
3.06085944176
3.0602478981
3.06001400948
3.06009268761
3.06183433533
3.06121945381
3.06078672409
3.06138896942
3.06121039391
3.06003570557
3.05993461609
3.05966210365
3.05847835541
3.06098198891
3.0616106987
3.06050515175
3.06097412109
3.06070637703
3.06124472618
3.06021738052
3.06079983711
3.06109166145
3.06139469147
3.06051564217
3.05985736847
3.05974340439
3.06023859978
3.06064152718
3.06047034264
3.06151008606
3.06058835983
3.06225705147
3.06162333488
3.06146860123
3.06016516685
3.0617890358
3.0613796711
3.06167268753
3.06187438965
3.06158661842
3.06240510941
3.06198525429
3.06123352051
3.06097531319
3.06149721146
3.05906271935
3.06130886078
3.06217837334
3.06204414368
3.06205058098
3.06237101555
3.06265997887
3.06251049042
3.06382203102
3.06188130379
3.06111502647
3.06201291084
3.06132078171
3.06093263626
3.06025600433
3.0612642765
3.0589826107
3.06156682968
3.0605199337
3.06059265137
3.06176233292
3.0626077652
3.06287312508
