1.34274897592e-19
2.0246078968
2.0253663063
2.02493429184
2.02465367317
2.02484440804
2.02470874786
2.02442836761
2.0245885849
2.0242497921
2.02408981323
2.02398204803
2.02385997772
2.02397608757
2.02391457558
2.02397465706
2.02419734001
2.02433085442
2.02445077896
2.02445077896
2.02449560165
2.02434539795
2.02440547943
2.02435994148
2.02433037758
2.02418041229
2.02412056923
2.02403068542
2.02386546135
2.02386546135
2.02382040024
2.02367258072
2.02349376678
2.0233631134
2.02340936661
2.02335309982
2.02349567413
2.02349567413
2.02331614494
2.02331614494
2.02347636223
2.02349162102
2.02347636223
2.0237762928
2.02413678169
2.02424240112
2.02434706688
2.02436208725
2.02427220345
2.02427220345
2.02404761314
2.02413749695
2.02433204651
2.02418231964
2.02419757843
2.02416753769
2.02406263351
2.02397251129
2.02395749092
2.02395749092
2.0241522789
2.02398753166
2.02383780479
2.02386784554
2.02386784554
2.02385282516
2.02367258072
2.0237326622
2.02394247055
2.02394247055
2.02373409271
2.02379393578
2.02397251129
2.0240175724
2.02397251129
2.02388381958
2.02386760712
2.02373409271
2.02367401123
2.02367401123
2.02361392975
2.02348160744
2.02334666252
2.02344894409
2.02343392372
2.023447752
2.02346515656
2.02367210388
2.02376174927
2.02376174927
2.02371811867
2.02376437187
2.02376461029
2.02372074127
2.02380800247
2.02373313904
2.02382421494
2.02373337746
2.02370095253
2.02370095253
2.02380561829
2.02377724648
2.02376365662
2.02373456955
2.02368998528
2.02360248566
2.02355527878
2.0234978199
2.02351140976
2.02351140976
2.02348041534
2.02355527878
2.02350640297
2.02353382111
2.02359271049
2.02363753319
2.02383232117
2.02391123772
2.02389621735
2.02389621735
2.02380871773
2.02369117737
2.02361607552
2.02366113663
2.02352619171
2.02340269089
2.02335524559
2.02329659462
2.02326798439
2.02326798439
2.02323794365
2.02322149277
2.0231628418
2.02311778069
2.02310276031
2.02313280106
2.02317667007
2.02330899239
2.02338409424
2.02338409424
2.02353262901
2.02353382111
2.02352023125
2.02357888222
2.02357888222
2.02360773087
2.02355003357
2.02349257469
2.02351999283
2.02351999283
2.02350759506
2.02349281311
2.02346396446
2.02340507507
2.02334523201
2.02337551117
2.02346658707
2.0234515667
2.02349662781
2.02349662781
2.02346658707
2.02339029312
2.02337789536
2.02339029312
2.02345013618
2.02346396446
2.02350759506
2.02352261543
2.02346396446
2.02346396446
2.02340388298
2.0235388279
2.02344751358
2.02343273163
2.02336025238
2.02356743813
2.02346348763
2.02331495285
2.02332758904
2.02332758904
2.02340245247
2.02325248718
2.02328252792
2.02326893806
2.02349257469
2.0235824585
2.02359628677
2.02383351326
2.02402973175
2.02402973175
2.02407336235
2.02405834198
2.02402806282
2.02398324013
2.02372980118
2.02381825447
2.02387928963
2.02377462387
2.02374577522
2.02374577522
2.02387952805
2.02405929565
2.02422428131
2.02432894707
2.02438926697
2.02419424057
2.02410435677
2.02402973175
2.02381968498
2.02381968498
2.02372980118
2.02355003357
2.02350521088
2.02349019051
2.02341771126
2.02337527275
2.02343678474
2.02343916893
2.02331900597
2.02331900597
2.02340888977
2.02341151237
2.02339529991
2.02336525917
2.0233938694
2.02338027954
2.02339529991
2.02342391014
2.02345132828
2.02345132828
2.02343654633
2.02351140976
2.02349662781
2.02357268333
