0.512242972851
0.512295544147
0.512292742729
0.512257397175
0.512314617634
0.512289166451
0.512278079987
0.512311518192
0.512302875519
0.51226747036
0.512283921242
0.512331724167
0.512218415737
0.512258768082
0.512270331383
0.512325167656
0.512286603451
0.512246847153
0.5122615695
0.512305438519
0.512232542038
0.512259662151
0.512350618839
0.512338459492
0.512283205986
0.512306332588
0.512340962887
0.512273967266
0.512246727943
0.51230019331
0.512357771397
0.512305855751
0.512225747108
0.512263834476
0.512251019478
0.512704193592
0.512895107269
0.512911260128
0.512887537479
0.51282954216
0.512876808643
0.512846767902
0.512922108173
0.51286649704
0.51285982132
0.512845933437
0.512892603874
0.512893199921
0.512892901897
0.512885570526
0.512910306454
0.512867033482
0.512866795063
0.512837529182
0.512858390808
0.512902140617
0.512900054455
0.512912869453
0.512905538082
0.512927234173
0.512862980366
0.512890100479
0.512929022312
0.512861609459
0.512901484966
0.512932360172
0.512920796871
0.512928903103
0.512933075428
0.512969791889
0.512866854668
0.512974441051
0.512868404388
0.512927234173
0.512900173664
0.512904286385
0.512874245644
0.512993752956
0.512930035591
0.512895524502
0.512924134731
0.512869417667
0.512921094894
0.512914836407
0.512862324715
0.512898445129
0.512939691544
0.512943387032
0.512920975685
0.512858390808
0.512913346291
0.512911677361
0.512863636017
0.512863814831
0.512860119343
0.512909412384
0.512847423553
0.512918114662
0.512943148613
0.512929975986
0.512862503529
0.512894690037
0.512981116772
0.512897729874
0.512904465199
0.512867748737
0.51287651062
0.512886047363
0.512940526009
0.51288163662
0.512880325317
0.512979149818
0.512856900692
0.512945115566
0.512841880322
0.512908518314
0.512923777103
0.512905716896
0.512938261032
0.512909531593
0.512909054756
0.512939751148
0.512877225876
0.51295042038
0.512882351875
0.512949705124
0.512912154198
0.512930333614
0.512901067734
0.512904286385
0.512886226177
0.5129519701
0.51289331913
0.512928545475
0.512896478176
0.512964367867
0.512956678867
0.51294708252
0.512876808643
0.512924134731
0.512882590294
0.512872219086
0.512924969196
0.512948036194
0.512969076633
0.512968838215
0.51283121109
0.512964069843
0.512986600399
0.512925863266
0.512891113758
0.512914419174
0.512952744961
0.512962639332
0.512829244137
0.512880086899
0.512966454029
0.512953042984
0.512909114361
0.512964963913
0.512941300869
0.512903988361
0.512937784195
0.512890994549
0.51294362545
0.512886166573
0.512883543968
0.512948930264
0.512958705425
0.512908399105
0.512895464897
0.512850642204
0.512979269028
0.512913107872
0.512908399105
0.512883126736
0.512952148914
0.512863457203
0.512985885143
0.51291924715
0.5129545331
0.512964606285
0.512933015823
0.512901961803
0.5129301548
0.512913882732
0.512842476368
0.512975275517
0.512972474098
0.512917637825
0.512885808945
0.512906074524
0.512965619564
0.512895584106
0.512948334217
0.512918531895
0.512938797474
0.512934863567
0.512935221195
0.51292848587
0.512976706028
0.512888908386
0.512977302074
0.512929975986
0.512938380241
0.512942910194
0.512948215008
0.512831926346
0.512966573238
0.512930512428
0.512975513935
0.512903630733
0.512938022614
0.512983560562
0.512993872166
0.512910068035
0.512955784798
0.512916684151
0.512946903706
0.512960076332
0.512928903103
0.512948215008
0.512904703617
0.512942433357
0.512974798679
0.512916684151
0.512944102287
0.512930929661
0.512986958027
0.512932419777
0.512978613377
0.512959182262
0.512926340103
0.512894451618
0.512957632542
0.512948811054
0.512957453728
0.512966632843
0.512915253639
0.512948215008
0.51297211647
