0.512173473835
0.512247681618
0.512154519558
0.512052834034
0.512133419514
0.512208580971
0.512121915817
0.512081205845
0.51298558712
0.512927293777
0.512921929359
0.512890517712
0.512801170349
0.513007521629
0.512919902802
0.512940108776
0.512932062149
0.512971043587
0.512933194637
0.512883365154
0.512963235378
0.512862622738
0.512957394123
0.512915670872
0.512870132923
0.51293194294
0.51281452179
0.51294529438
0.512954175472
0.512941241264
0.512961626053
0.512898981571
0.512828052044
0.512920498848
0.512935400009
0.512795627117
0.512902259827
0.512839794159
0.512812554836
0.512861549854
0.512917518616
0.512897074223
0.512905836105
0.512922167778
0.512952804565
0.512964129448
0.512919664383
0.512972891331
0.513026893139
0.513025105
0.513004302979
0.512917637825
0.512923240662
0.512990534306
0.513061404228
0.512997686863
