0.00030044480809
3.0618917942
3.06512999535
3.06485438347
3.06443214417
3.06422972679
3.06374502182
3.06365084648
3.0635471344
3.0634124279
3.06355285645
3.06368947029
3.06364870071
3.06361937523
3.06362557411
3.0634906292
3.06331849098
3.06305336952
3.06325674057
3.06325674057
3.06278038025
3.06234192848
3.06210684776
3.06211185455
3.06204223633
3.0617723465
3.06145954132
3.06101107597
3.06094145775
3.06094145775
3.06036567688
3.06050944328
3.06064939499
3.0602722168
3.06004118919
3.06011104584
3.06025004387
3.06038665771
3.06038665771
3.06038665771
3.06045293808
3.06014275551
3.05996727943
3.05996084213
3.05872869492
3.05773377419
3.05732393265
3.05732250214
3.05725669861
3.05725669861
3.05828285217
3.05828237534
3.05832028389
3.0587003231
3.05941486359
3.05985474586
3.0599565506
3.06015872955
3.06012582779
3.06012582779
3.05961489677
3.05951356888
3.05947899818
3.05927038193
3.05899810791
3.05858945847
3.05825066566
3.05814218521
3.05834674835
3.05834674835
3.0582780838
3.05868649483
3.05857777596
3.05867767334
3.05881786346
3.05895256996
3.05932474136
3.05915594101
3.05919504166
3.05919504166
3.05932855606
3.0595023632
3.05943632126
3.05950593948
3.05960559845
3.05957436562
3.05916619301
3.0592622757
3.05932426453
3.05932426453
3.05936312675
3.05923008919
3.05929708481
3.05909490585
3.05899333954
3.05888938904
3.05903077126
3.0590004921
3.05920696259
3.05920696259
3.05934166908
3.05934286118
3.05961799622
3.05979251862
3.05989980698
3.06013631821
3.06026887894
3.06068348885
3.06078863144
3.06078863144
3.06085443497
3.06112527847
3.06129765511
3.0619494915
3.06222343445
3.06219553947
3.06209683418
3.06195831299
3.06230187416
3.06230187416
3.06229948997
3.06216216087
3.0619263649
3.06175136566
3.06195902824
3.06222963333
3.06212615967
3.06229734421
3.06184840202
3.06184840202
3.06195211411
3.06219172478
3.06236290932
3.06209230423
3.06195735931
3.06202077866
3.06202125549
3.06201720238
3.06235837936
3.06235837936
3.0624229908
3.06269526482
3.0629029274
3.06300449371
3.0628247261
3.06289744377
3.06282830238
3.06283140182
3.06266641617
3.06266641617
3.06245970726
3.06245541573
3.06249260902
3.06256461143
3.0625679493
3.06229329109
3.06215047836
3.06215810776
3.06222462654
3.06222462654
3.06262969971
3.06252717972
3.06242465973
3.06242156029
3.06201076508
3.06228876114
3.0624628067
3.06256532669
3.06283664703
3.06283664703
3.06276154518
3.06252408028
3.06244897842
3.06269001961
3.06282734871
3.06238460541
3.06300354004
3.06334137917
3.06303405762
3.06303405762
3.06306934357
3.06307458878
3.06317448616
3.06279444695
3.06265950203
3.06276130676
3.06255626678
3.06272244453
3.06264972687
3.06264972687
3.06247615814
3.06267857552
3.06274557114
3.06278085709
3.06260561943
3.0626065731
3.06215763092
3.06209349632
3.062022686
3.062022686
3.06208658218
3.06178164482
3.061409235
3.06137299538
3.06168270111
3.06192016602
3.06198906898
3.06254005432
3.06246757507
3.06246757507
3.06271266937
3.06309270859
3.0632007122
3.06299304962
3.06302571297
3.06309700012
3.06326913834
