1.01456975937
1.01456987858
1.01457369328
1.01458346844
1.0145856142
1.01458406448
1.01458311081
1.01459109783
1.01460385323
1.01460599899
1.01460361481
1.01460659504
1.01461493969
1.01460754871
1.01461434364
1.01461994648
1.01462125778
1.01462507248
1.01462137699
1.0146239996
1.0146266222
1.01462054253
1.01461803913
1.01465404034
1.01468813419
1.01469302177
1.01470136642
1.01470565796
1.01470685005
1.01470971107
1.01471734047
1.01472127438
1.01471996307
1.01472473145
1.01473033428
1.01472353935
1.01472651958
1.01472735405
1.01472997665
1.01473009586
1.0147356987
1.01473581791
1.01473927498
1.01473760605
1.01473379135
1.01474177837
1.01474118233
1.01474010944
1.01473963261
1.01473772526
1.01473617554
1.01474034786
1.01474130154
1.01474094391
1.01474773884
1.01474869251
1.01475346088
1.01474559307
1.01468575001
1.01462626457
1.01462626457
1.01462781429
1.01462483406
1.01462948322
1.0146355629
1.01463723183
1.0146292448
1.01464569569
1.01464521885
1.01465308666
1.01466059685
1.01466667652
1.01466977596
1.01467597485
1.01467907429
1.01467478275
1.0146780014
1.01467311382
1.01467454433
1.01467645168
1.01468491554
1.01468479633
