1.51475632191
1.51503682137
1.51468658447
1.51468646526
1.51517665386
1.51496613026
1.51398587227
1.51454651356
1.51423120499
1.51406598091
1.51466929913
1.51473903656
1.51477336884
1.5145111084
1.51477372646
1.51459884644
1.51463317871
1.51431930065
1.51458072662
1.51440608501
1.51473844051
1.51546275616
1.51573824883
1.51530110836
1.51528322697
1.51502108574
1.51510822773
1.51507353783
1.51479351521
1.51521360874
1.51570343971
1.51498627663
1.51507341862
1.51488113403
1.51514327526
1.51533603668
1.51512813568
1.51516103745
1.51535594463
1.51583111286
1.51558589935
1.51546299458
1.51548099518
1.51560330391
1.51556837559
1.51570820808
1.51553344727
1.51579594612
1.51572370529
1.51595318317
1.51574337482
1.51598572731
1.51570820808
1.51583313942
1.51562058926
1.51581335068
1.51579844952
1.51609325409
1.51581299305
1.51583087444
1.51607573032
1.51607334614
1.51586353779
1.51581335068
1.51561617851
1.51554632187
1.51565110683
1.51565122604
1.51610600948
1.51587855816
1.51586091518
1.51593077183
1.51573836803
1.51589596272
1.51587820053
1.51593112946
1.51601862907
1.51584351063
1.51619303226
1.5162986517
1.51607084274
1.51608860493
1.51614093781
1.51610612869
