0.0
3.06185126305
3.06114888191
3.06095123291
3.06078982353
3.06074762344
3.06064200401
3.06074213982
3.0607984066
3.06070709229
3.06072926521
3.06065154076
3.0606033802
3.06059551239
3.06063699722
3.06051707268
3.06043815613
3.0599603653
3.05966544151
3.05979013443
3.05989599228
3.06011724472
3.0603351593
3.06049156189
3.06057620049
3.06067800522
3.06071186066
3.06052064896
3.06042718887
3.06034421921
3.06031727791
3.06022930145
3.06034946442
3.06038999557
3.06042504311
3.0604789257
3.06046772003
3.06068825722
3.06112456322
3.06111359596
3.06129097939
3.06127810478
3.06123423576
3.06135463715
3.06143712997
3.06133365631
3.06124973297
3.06136083603
3.06119132042
3.06111240387
3.06111550331
3.06111383438
3.06120109558
3.06122660637
3.0612347126
3.06127619743
3.06155252457
3.06142854691
3.0618429184
3.06214547157
3.06220149994
3.06199574471
3.06160497665
3.06147742271
3.06119418144
3.06112241745
3.06074881554
3.06063652039
3.06068849564
3.06071281433
3.06083655357
