1.01382732391
1.0140080452
1.01393818855
1.01398396492
1.01396560669
1.01406848431
1.01401364803
1.01395440102
1.01403963566
1.01398003101
1.0139837265
1.01388239861
1.0139580965
1.01389110088
1.01395559311
1.01402139664
1.01403534412
1.0139374733
1.01384782791
1.01389920712
1.01391553879
1.01406693459
1.01389157772
1.01393473148
1.01431262493
1.01438999176
1.01438653469
1.01425814629
1.01432657242
1.0143866539
1.01435160637
1.01430034637
1.01436460018
1.01433491707
1.01432406902
1.01430928707
1.01432025433
1.01431059837
1.01430904865
1.01431691647
1.01432597637
1.01435351372
1.01434826851
1.01439368725
1.01435959339
1.01426029205
1.01433682442
1.01425886154
1.01449465752
1.01452505589
1.01449847221
1.01445865631
1.0144264698
1.01448464394
1.01449501514
1.01444089413
1.01457452774
1.01455390453
1.01459491253
1.01454865932
1.01462543011
1.01462936401
1.01455175877
1.01458358765
1.01459133625
1.01447951794
1.01455783844
1.01456916332
1.01461422443
1.01460504532
1.01455879211
1.01464664936
1.01461863518
1.01427531242
1.01434063911
1.01432263851
1.01429700851
1.0143545866
1.01425218582
1.01428616047
1.01427662373
1.01431131363
1.01432919502
1.01429104805
1.01433873177
1.01431584358
1.01426076889
1.01433420181
1.01432478428
1.01436030865
1.01435410976
1.01437556744
1.01434540749
