0.0
3.06185126305
3.0612142086
3.06095767021
3.06079673767
3.06065821648
3.06049156189
3.06061244011
3.06063961983
3.06059789658
3.06056666374
3.06041407585
3.06037926674
3.06029200554
3.0602388382
3.06007146835
3.06018471718
3.06013560295
3.06007909775
3.06013584137
3.06009531021
3.06011962891
3.06011295319
3.06018543243
3.06030797958
3.06055784225
3.0605237484
3.06040668488
3.06029438972
3.0601708889
3.06008052826
3.06001591682
3.0601849556
3.06022620201
3.06027746201
3.06034755707
3.06039071083
3.06038594246
3.06061458588
3.06075167656
3.06088829041
3.06096363068
3.06097340584
3.06112527847
3.06117391586
3.06107139587
3.06104707718
3.0612051487
3.06098747253
3.0609331131
3.06092166901
3.0610165596
3.0610833168
3.0610294342
3.06102538109
3.06113505363
3.06145477295
3.06147193909
3.06167173386
3.06184387207
3.06184148788
3.06169867516
3.06153988838
3.06149744987
3.06121611595
3.06123256683
3.06092214584
3.06078529358
3.06084084511
3.06080508232
3.06090688705
