1.51501893997
1.51466989517
1.51504480839
1.51503896713
1.51473140717
1.51465928555
1.51522016525
1.5151668787
1.51517093182
1.51442873478
1.51494038105
1.51464176178
1.5143532753
1.51400029659
1.51426208019
1.51452100277
1.51455950737
1.51418793201
1.51423859596
1.51426315308
1.51420271397
1.51414072514
1.51406431198
1.51413500309
1.51485204697
1.51467692852
1.51473736763
1.51453089714
1.51470291615
1.51469635963
1.51478052139
1.51455247402
1.51465344429
1.51451933384
1.51453948021
1.51480305195
1.51478648186
1.51489055157
1.51461958885
1.51465654373
1.51476871967
1.51483881474
1.51471447945
1.51433563232
1.51424622536
1.51467585564
1.51461577415
1.51462137699
1.5145881176
1.51457738876
1.51458752155
1.51470422745
1.51441991329
1.514757514
1.51465320587
1.51509487629
1.51486468315
1.51474368572
1.51438724995
1.51468598843
1.51459050179
1.51546466351
1.51576197147
1.51576781273
1.51574122906
1.51582837105
1.51549518108
1.51527404785
1.51554059982
1.51537108421
1.51527631283
1.51529192924
1.5153619051
1.51503551006
1.51490139961
1.51508426666
1.51510965824
1.51514863968
1.51503360271
1.51552379131
1.51480007172
1.51520597935
1.51491165161
1.51521730423
1.51541960239
1.51523923874
1.51569736004
1.51505565643
1.51488316059
1.5149885416
1.51504194736
1.51521503925
1.51506769657
1.51542019844
1.51497542858
1.5148973465
1.51478695869
1.51512897015
1.51514470577
1.51496958733
1.51513028145
1.51532363892
1.51505351067
1.51512432098
1.51518917084
1.51509547234
1.51539552212
1.51515340805
1.51487612724
1.51500582695
1.51535844803
1.51490139961
1.51587831974
1.51585161686
1.51560282707
1.51563417912
1.51559996605
1.51582121849
1.51558125019
1.51548159122
1.5159651041
1.51549971104
1.51554393768
1.51561450958
1.51541185379
1.51571393013
1.51557958126
1.51558339596
1.5157738924
1.51571178436
1.51564955711
1.51546621323
1.51554882526
1.51580429077
1.51584553719
1.51581954956
1.51556015015
1.51585114002
1.51555144787
1.51573956013
1.51571762562
1.51596951485
1.51564502716
1.51559245586
1.51576292515
1.51600635052
1.51579010487
1.51599872112
1.51584839821
1.51573002338
1.51585865021
1.51582980156
1.5156430006
1.51577484608
1.51581966877
1.5157314539
1.51578044891
1.515822649
1.51567900181
1.51569128036
1.51610910892
1.51589035988
1.51610660553
1.51580715179
1.51595723629
1.51585066319
1.51604962349
1.51600503922
1.51608133316
1.5161678791
1.51605784893
1.51607334614
1.51610028744
1.51623475552
1.51588833332
1.51582157612
1.51586532593
1.51583218575
1.51625537872
1.51607406139
1.51558196545
1.51590287685
1.51557254791
1.51555466652
1.51546788216
1.51577341557
1.51564908028
1.51587724686
1.51564145088
1.51567959785
1.51576960087
1.51549112797
1.5160984993
1.51587116718
1.51591157913
1.5158444643
1.51583552361
1.51581740379
1.51614224911
1.51627588272
1.51592922211
1.51590228081
1.51565730572
1.51571309566
1.51600635052
1.51578891277
1.51589167118
1.51560664177
1.51582884789
1.51585912704
1.51592969894
1.51628339291
1.51590359211
1.51587283611
1.51597690582
1.51599395275
1.51568329334
1.51582348347
1.5158239603
1.5159586668
1.51604855061
1.51621854305
1.51587450504
1.51592588425
1.51629161835
1.51602172852
1.51588237286
1.51604878902
1.51637542248
1.5160959959
1.51622235775
1.51640820503
1.51616740227
1.51619625092
1.51608884335
