3.06158447266
3.06213498116
3.05993199348
3.06022357941
3.06010866165
3.05999302864
3.0595035553
3.06149935722
3.06083035469
3.06025671959
3.06125855446
3.06059455872
3.05957579613
3.05934596062
3.0595908165
3.05834841728
3.06060767174
3.06100702286
3.06027030945
3.06084012985
3.06083583832
3.06086826324
3.05950784683
3.06007361412
3.06082367897
3.06085419655
3.0602452755
3.059851408
3.05914330482
3.05959558487
3.05994105339
3.06022191048
3.06118893623
3.0604801178
3.06135225296
3.06156015396
3.06067943573
3.05979728699
3.06143474579
3.06096029282
3.06130743027
3.06096410751
3.0612719059
3.06199979782
3.06183838844
3.0605237484
3.06043171883
3.06140112877
3.05925893784
3.06043124199
3.06117796898
3.06191587448
3.06194519997
3.061450243
3.06180763245
3.06162071228
3.06364226341
3.06154823303
3.0612757206
3.0621368885
3.06115365028
3.06050658226
3.06032848358
3.06103372574
3.05900001526
3.06176877022
3.06054139137
3.06018042564
3.06181621552
3.06178927422
3.06215977669
