2.02607154846
2.02603197098
2.02620434761
2.02618217468
2.02618169785
2.02636671066
2.02639079094
2.02622771263
2.0261900425
2.02628755569
2.02625870705
2.02622079849
2.02624511719
2.02591514587
2.02648234367
2.02638602257
2.02623605728
2.02618312836
2.0263979435
2.02613663673
2.02628564835
2.02649378777
2.02664899826
2.02635836601
2.02632021904
2.02651548386
2.02629351616
2.02652335167
2.02637171745
2.02654051781
2.0265789032
2.02632308006
2.02628183365
2.02646374702
2.02648425102
2.02627801895
2.02654719353
2.02639055252
2.02632665634
2.02633476257
2.02662920952
2.02654027939
2.02653884888
2.02641534805
2.02660107613
2.02672672272
2.02637720108
2.02668762207
2.02651524544
2.02643847466
2.02649760246
2.026304245
2.02630186081
2.0263338089
2.02637243271
2.02625393867
2.02624416351
2.02655243874
2.02621555328
2.02646327019
2.02623081207
2.0263903141
2.0263941288
2.02614426613
2.02630448341
2.02634191513
2.0264441967
2.02622008324
2.02643465996
2.02666258812
2.02646231651
2.02628517151
2.02647519112
2.02646160126
2.02638292313
2.02637648582
2.02612519264
2.02635645866
2.02608418465
2.02621054649
2.02615380287
2.02612876892
2.02611899376
2.02593612671
2.02588820457
2.02604198456
2.02614712715
2.02620744705
2.02629470825
2.02603006363
2.02611351013
2.02602338791
2.02617645264
2.02609658241
2.02608966827
2.02610993385
2.0258975029
2.02622842789
2.02603840828
2.02606201172
2.026283741
2.02630448341
2.02614164352
2.02599430084
2.02619385719
2.02591466904
2.02607321739
2.0263299942
2.02648568153
2.0260310173
2.0264351368
2.02637457848
2.02625846863
2.02607178688
2.02616047859
2.02639651299
2.02596831322
2.02604985237
2.02608561516
2.02624106407
2.02634954453
2.02627038956
2.02652454376
2.02643036842
2.0264236927
2.02630019188
2.02636170387
2.02631521225
2.02615070343
2.0261900425
2.02618598938
2.02627539635
2.02614283562
2.02632713318
2.02613425255
2.02622938156
2.02609944344
2.02621936798
2.02642941475
2.02618336678
2.0261387825
2.02637004852
2.02619719505
2.02654337883
2.02647185326
2.02615332603
2.02647686005
2.02622652054
2.02613830566
2.02634596825
2.02627539635
2.02640581131
2.02670502663
2.0264582634
2.02658557892
2.02649998665
2.02631235123
2.02619028091
2.02644014359
2.02638244629
2.02635407448
2.02675127983
2.02636027336
2.02660179138
2.02646684647
2.02623796463
2.02625417709
2.02624368668
2.02626919746
2.02646064758
2.02638244629
2.02621865273
2.02653980255
2.02629566193
2.02650880814
2.02653098106
2.02645754814
2.02640843391
2.02636122704
2.02623915672
2.02620029449
2.0262658596
2.02619600296
2.0262773037
2.02631378174
2.0263106823
2.02642941475
2.02628040314
2.02643179893
2.02642536163
2.02633619308
2.0263504982
2.02640151978
2.02657485008
2.02634716034
2.02639532089
