1.01456725597
1.01456141472
1.01457858086
1.01468610764
1.014575243
1.01457822323
1.01457238197
1.01460921764
1.01459300518
1.01459491253
1.01455998421
1.0146099329
1.0146330595
1.01464426517
1.01461660862
1.01461613178
1.01458263397
1.01460552216
1.01459264755
1.01463055611
1.01465654373
1.01464664936
1.0146945715
1.01472151279
1.01467347145
1.0147382021
1.01470124722
1.01470386982
1.01470339298
1.01471757889
1.01470863819
1.01471853256
1.0146946907
1.01473462582
1.01469278336
1.01469945908
1.01472210884
1.01474809647
1.01471674442
1.01473414898
1.01475560665
1.01468396187
1.01474070549
1.01474118233
1.01466739178
1.01475095749
1.01471424103
1.01476323605
1.01470029354
1.01472294331
1.01472043991
1.01474046707
1.01475131512
1.01471316814
1.01460695267
1.0146381855
1.01462566853
1.01458537579
1.01459896564
1.0146112442
1.01462757587
1.01462709904
1.01460659504
1.0146330595
1.01463723183
1.01464498043
1.01461184025
1.01472055912
1.01463890076
1.01465845108
1.0146689415
1.01471781731
1.01460778713
1.01466906071
1.01466715336
1.01461946964
1.01463246346
1.01466631889
1.01467216015
1.01469349861
1.01469373703
1.01468837261
