1.01398158073
1.01388657093
1.01398003101
1.01395773888
1.01395511627
1.0139837265
1.0139029026
1.01396358013
1.01388239861
1.01393032074
1.0138784647
1.0139580965
1.0138258934
1.0138669014
1.01389110088
1.01400566101
1.0139040947
1.01395559311
1.0139169693
1.01393389702
1.01402139664
1.01403009892
1.01399195194
1.01403534412
1.01396250725
1.01393330097
1.0139374733
1.01386976242
1.01391363144
1.01384782791
1.01397848129
1.01379132271
1.01389920712
1.01395177841
1.01384651661
1.01391553879
1.01389122009
1.0139465332
1.01406693459
1.01385366917
1.0138989687
1.01389157772
1.01399385929
1.01393473148
1.0143955946
1.01447510719
1.01431262493
1.01436638832
1.01441025734
1.01438999176
1.01424658298
1.01436090469
1.01438653469
1.01434910297
1.01436364651
1.01425814629
1.01434516907
1.01433765888
1.01432657242
1.01433765888
1.01435172558
1.0143866539
1.0143866539
1.01432347298
1.01435160637
1.01439845562
1.01439619064
1.01430034637
1.01441013813
1.01429724693
1.01436460018
1.01433706284
1.01428806782
1.0143327713
1.01424968243
1.01432216167
1.01433491707
1.0142455101
1.01428306103
1.01432406902
1.01431202888
1.01434099674
1.01430928707
1.01418316364
1.01430499554
1.01432025433
1.01440358162
1.01440274715
1.01431059837
1.01429057121
1.01428484917
1.01430904865
1.01442670822
1.01429355145
1.01431691647
1.01439487934
1.01438868046
1.01432597637
1.01437115669
1.01435399055
1.01435351372
1.01435017586
1.01430904865
1.01434826851
1.01428854465
1.01440834999
1.01439368725
1.01437497139
1.01436412334
1.01435959339
1.014310956
1.01436305046
1.01426029205
1.01429140568
1.01435804367
1.01433682442
1.0144007206
1.01419663429
1.01425886154
1.01433730125
1.01443266869
1.01449465752
1.01444625854
1.01454806328
1.01452505589
1.01458108425
1.01440060139
1.01449847221
1.01452100277
1.01451838017
1.01445865631
1.01454091072
1.01457166672
1.0144264698
1.01448464394
1.01446151733
1.01444363594
1.01454043388
1.01454555988
1.01449501514
1.01444149017
1.01444089413
1.01449358463
1.01454937458
1.01458156109
1.01457452774
1.01453876495
1.0145150423
1.01455390453
1.01454877853
1.01447081566
1.01459491253
1.01460254192
1.0146073103
1.01454865932
1.01457262039
1.01453495026
1.01462543011
1.01457881927
1.01461231709
1.01462936401
1.01460802555
1.0145355463
1.01455175877
1.01448357105
1.0145329237
1.01458358765
1.0144701004
1.01455211639
1.01459133625
1.0146099329
1.01451921463
1.01447951794
1.01464045048
1.01458251476
1.01455783844
1.01459300518
1.01457965374
1.01456916332
1.01454913616
1.01455187798
1.01461422443
1.01461184025
1.01455152035
1.01460504532
1.01467990875
1.01455974579
1.01455879211
1.01463544369
1.01463079453
1.01464664936
1.01458775997
1.01460146904
1.01461863518
1.01449096203
1.01448738575
1.01427531242
1.01430988312
1.01427197456
1.01434063911
1.01433420181
1.0142916441
1.01432263851
1.01427865028
1.014351964
1.01429700851
1.01428449154
1.01429224014
1.0143545866
1.01433634758
1.01428699493
1.01425218582
1.01421320438
1.01427686214
1.01428616047
1.01426815987
1.01432275772
1.01427662373
1.01437330246
1.01431715488
1.01431131363
1.01426756382
1.01420938969
1.01432919502
1.01436710358
1.01429402828
1.01429104805
1.01433157921
1.01428198814
1.01433873177
1.01432645321
1.01427471638
1.01431584358
1.01437652111
1.0142916441
1.01426076889
1.01437878609
1.01432001591
1.01433420181
1.01432478428
1.0143699646
1.01428818703
1.01436030865
1.01433646679
1.014351964
1.01435410976
1.01436388493
1.01437938213
1.01437556744
1.01437199116
1.01440548897
1.01434540749
