1.01411700249
1.0138771534
1.01401948929
1.01393711567
1.01416957378
1.01412439346
1.01395940781
1.01407182217
1.01406443119
1.01401185989
1.01408708096
1.01410925388
1.01414728165
1.01419949532
1.01407945156
1.01392948627
1.01404964924
1.01398944855
1.01407957077
1.01383197308
1.0141544342
1.01385426521
1.01388418674
1.01398158073
1.01381659508
1.0139966011
1.01415407658
1.01415431499
1.01410198212
1.01392197609
1.01416957378
1.01408672333
1.0140042305
1.01429748535
1.01440989971
1.01420760155
1.01422262192
1.01422250271
1.01418507099
1.01418495178
1.01427507401
1.01426005363
1.01414752007
1.01434242725
1.01418507099
1.01428997517
1.01416993141
1.01421499252
1.01421511173
1.01416254044
1.01424503326
1.01428997517
1.01419985294
1.01420748234
1.01426744461
1.01414752007
1.01424491405
1.01418507099
1.01416254044
1.01417756081
1.01419270039
1.01416993141
1.0141326189
1.01420021057
1.01416254044
1.0141851902
1.01412522793
1.01414000988
1.01410996914
1.01424515247
1.01420009136
1.01425266266
1.01418495178
1.01414012909
1.01420021057
1.01428997517
1.01400470734
1.01419246197
1.01420772076
1.01420748234
1.01415491104
1.01411008835
1.01424515247
1.0140349865
1.01421499252
1.01414752007
1.01404261589
1.01411771774
1.01418483257
1.01411747932
1.01410245895
1.01416242123
1.01404237747
1.01422226429
1.01411771774
1.01411771774
1.01411759853
1.01421487331
1.0141248703
1.01431238651
1.01396036148
1.01398980618
1.01421499252
1.01420748234
1.01443243027
1.01440989971
1.0145150423
1.01457476616
1.01454496384
1.01439464092
1.01453733444
1.0144174099
1.01444005966
1.01455950737
1.01455235481
1.01458239555
1.01429724693
1.01439476013
1.0143648386
1.01445496082
1.0145149231
1.01451480389
1.0145149231
1.01448488235
1.01439487934
1.01442456245
1.01448488235
1.01460492611
1.01458990574
1.01441729069
1.01442492008
1.01456737518
1.01450741291
1.01454484463
1.01463484764
1.01454496384
1.01456737518
1.01457476616
1.01453006268
1.01459002495
1.01467967033
1.01467978954
1.01470983028
1.01469492912
1.0146048069
1.01447749138
1.01453757286
1.01460492611
1.01450014114
1.0145522356
1.0145150423
1.01457488537
1.01464986801
1.01461994648
1.01452231407
1.01453757286
1.01466476917
1.01467227936
1.01461982727
1.01459741592
1.01456749439
1.01464223862
1.01461982727
1.01455998421
1.01459002495
1.01470243931
1.01461219788
1.01467978954
1.01472496986
1.01464235783
1.01466464996
1.01472449303
1.01471745968
1.01473975182
1.01462733746
1.01464998722
1.01460492611
1.01450765133
1.01458990574
1.01422989368
1.01420009136
1.01413273811
1.01419246197
1.01420009136
1.01419258118
1.01414775848
1.01417016983
1.01433479786
1.01416254044
1.01416254044
1.01420009136
1.01420760155
1.01420760155
1.01416277885
1.01411783695
1.01402783394
1.01414775848
1.01414012909
1.01416265965
1.01426756382
1.01423764229
1.01416265965
1.01422262192
1.01415526867
1.01425993443
1.01414775848
1.01424491405
1.01428997517
1.01423752308
1.01416277885
1.01422262192
1.01420009136
1.01428246498
1.01422262192
1.01411020756
1.01420009136
1.01428997517
1.01418507099
1.0141851902
1.01425993443
1.01428234577
1.01417756081
1.01409518719
1.01420021057
1.01425242424
1.01425254345
1.01419985294
1.0143122673
1.01425230503
1.01420760155
1.01422250271
1.01425993443
1.01432728767
1.0143198967
1.01431977749
1.01430487633
1.01420009136
