1.01453304291
1.01450169086
1.01457035542
1.01456296444
1.01456034184
1.01457548141
1.0146843195
1.01457118988
1.01457417011
1.01456987858
1.01460468769
1.01458954811
1.01459348202
1.0145573616
1.01460659504
1.01462852955
1.01464116573
1.01461458206
1.01461172104
1.01458024979
1.0146023035
1.01459002495
1.01462566853
1.01465213299
1.01464629173
1.01469266415
1.01471781731
1.01467013359
1.01473534107
1.0146998167
1.01470088959
1.0146998167
1.0147151947
1.01470470428
1.01471531391
1.01469159126
1.01472949982
1.01468992233
1.01469695568
1.01471936703
1.01474487782
1.01471424103
1.01473021507
1.01475131512
1.01468229294
1.01473760605
1.01473879814
1.01466584206
1.014747262
1.01471066475
1.01476180553
1.01469731331
1.01472079754
1.01471793652
1.01473546028
1.01474690437
1.01471316814
1.01460516453
1.01463735104
1.01462352276
1.01458406448
1.0145945549
1.01460921764
1.01462697983
1.01462674141
1.01460599899
1.01463079453
1.01463317871
1.01464307308
1.01460886002
1.01471757889
1.01463544369
1.01465415955
1.0146651268
1.01471507549
1.01460635662
1.01466667652
1.01466488838
1.01461565495
1.01462948322
1.01466500759
1.01466929913
1.01469027996
1.01469063759
1.01468372345
