3.06826996803
3.06789708138
3.06782770157
3.06826305389
3.06864356995
3.06791543961
3.06840229034
3.0678935051
3.06780695915
3.06854367256
3.06748080254
3.0684876442
3.06850099564
3.06788063049
3.06810283661
3.06841540337
3.06755423546
3.06728744507
3.06794381142
3.06718039513
3.06706285477
3.06791234016
3.06772065163
3.06784796715
3.0676586628
3.06753778458
3.06759238243
3.06723976135
3.06713414192
3.06824994087
3.0677895546
3.06713795662
3.06753206253
3.06732010841
3.06738948822
3.06732368469
3.06732058525
3.06700754166
3.06605195999
3.06696867943
3.06790590286
3.066395998
3.06663751602
3.06686162949
3.06730866432
3.06648421288
3.06704998016
3.06711792946
3.06710791588
3.06691479683
3.06733679771
3.06741642952
3.06663823128
3.06724596024
3.0673687458
3.06731939316
3.06729912758
3.06724739075
3.06727766991
3.06678342819
3.06694197655
3.06729578972
3.06715393066
3.06663775444
3.06710958481
3.06700873375
3.06743574142
3.06681132317
3.06696796417
3.06734919548
3.06705904007
3.06660270691
3.06680560112
3.06710505486
3.06688952446
3.06709289551
3.06655240059
3.06707215309
3.06669545174
3.06711387634
3.06656312943
3.06685209274
3.0666642189
3.06750845909
3.06660437584
3.06735754013
3.06727218628
3.06654238701
3.06653356552
3.06747293472
3.06653046608
3.06648230553
3.06751918793
3.06652522087
3.06686210632
3.06705641747
3.0672223568
3.06693768501
3.06658148766
3.06719851494
3.06682181358
3.06767868996
3.06674194336
3.06656193733
3.06712770462
3.06649827957
3.06663060188
3.06696128845
3.0673892498
3.06726288795
3.06759667397
3.06747579575
3.06714272499
3.06709361076
3.06674671173
3.0669605732
3.0673084259
3.0665371418
3.06702399254
3.06735706329
3.0669901371
3.06703829765
3.06713199615
3.06747150421
3.0672185421
3.06751918793
3.06747198105
3.06818032265
3.06737685204
3.06769323349
3.06802344322
3.06786084175
3.06705474854
3.06728363037
3.06727647781
3.0671775341
3.06760215759
3.06773543358
3.06735229492
3.0677728653
3.06766939163
3.06708931923
3.06720423698
3.06751275063
3.06747221947
3.06686687469
3.06712126732
3.06722593307
3.06674551964
3.06723117828
3.0669927597
3.06751251221
3.06722331047
3.06706476212
3.06733751297
3.06681323051
3.06711935997
3.06682133675
3.06789660454
3.06731367111
3.06716871262
3.0675368309
3.06700253487
3.06738448143
3.06762695312
3.0674290657
3.0673956871
3.06711006165
3.06777763367
3.06819152832
3.06744337082
3.06786799431
3.06797671318
3.06794905663
3.06696009636
3.06729364395
3.06755805016
3.06729102135
3.06782746315
3.06825447083
3.06706309319
3.06870388985
3.0682682991
3.0675766468
3.06877660751
3.06761860847
3.06814074516
3.06817960739
3.06858921051
3.06881141663
3.06868290901
3.06821703911
3.06866121292
3.06816744804
3.06847906113
3.0684325695
3.06771349907
3.06871724129
3.06826972961
3.06833028793
3.06815242767
3.06844782829
3.06843018532
3.06798648834
3.06838440895
3.06825017929
3.06855106354
3.06827044487
3.06806087494
3.06886053085
3.06879973412
3.06852388382
3.068805933
3.0682914257
3.06837964058
3.06885290146
3.06910157204
3.06846308708
3.06884622574
3.06901192665
3.06860923767
3.06875085831
3.06867241859
3.06848406792
3.06868004799
3.0687482357
3.06843852997
3.0687892437
3.06884670258
3.06895565987
