0.51229339838
0.512005627155
0.511980116367
0.511907696724
0.511943757534
0.511866688728
0.51182860136
0.512821733952
0.512748420238
0.512774765491
0.512729763985
0.512628555298
0.512718558311
0.512687861919
0.512822508812
0.512758255005
0.512673676014
0.512465536594
0.512939572334
0.512704968452
0.512718439102
0.512614607811
0.512704849243
0.512684583664
0.512729883194
0.512577176094
0.512666463852
0.512803971767
0.512617588043
0.512594461441
0.51273226738
0.512656331062
0.512777388096
0.512769162655
0.512596428394
0.51256197691
0.512748777866
0.512653708458
0.512557148933
0.512661755085
0.512705922127
0.512830018997
0.512733459473
0.512662351131
0.512631416321
0.512745559216
0.512778699398
0.512806475163
0.512800753117
0.512761414051
0.512680649757
0.512656152248
0.512673974037
0.512650847435
0.512657344341
0.512790739536
0.512620389462
0.512680351734
0.512707412243
0.512921988964
0.51271802187
0.512810528278
0.512924492359
0.512621700764
0.512811839581
0.51289087534
0.512862920761
0.512743115425
0.512857019901
0.512794494629
0.512801468372
0.512870848179
0.512888908386
0.512943446636
0.512886822224
0.512855887413
