0.512729883194
0.512906372547
0.512745797634
0.512577176094
0.51266258955
0.512644827366
0.512666463852
0.512555956841
0.512697815895
0.512803971767
0.512757539749
0.512767553329
0.512617588043
0.512527644634
0.512675464153
0.512594461441
0.51273226738
0.512623131275
0.512472331524
0.512656331062
0.512736141682
0.512593328953
0.512777388096
0.512699067593
0.512678742409
0.512769162655
0.512676298618
0.512708902359
0.512596428394
0.512649595737
0.512641310692
0.51256197691
0.512758076191
0.512577593327
0.512748777866
0.51257699728
0.51262909174
0.512653708458
0.512631595135
0.512656748295
0.512557148933
0.512630462646
0.512802958488
0.512661755085
0.512870669365
0.51272302866
0.512705922127
0.512720286846
0.512741148472
0.512830018997
0.512580752373
0.512656629086
0.512733459473
0.512536764145
0.51285135746
0.512662351131
0.512663841248
0.51267260313
0.512631416321
0.512813925743
0.512782692909
0.512745559216
0.512911677361
0.512631475925
0.512778699398
0.512614250183
0.512665271759
0.512806475163
0.512789964676
0.512702763081
0.512800753117
0.51266092062
0.512720048428
0.512761414051
0.51267516613
0.512779712677
0.512680649757
0.512755393982
0.512583374977
0.512656152248
0.512681603432
0.512660562992
0.512673974037
0.512728869915
0.512706577778
0.512720644474
0.512657344341
0.512656986713
0.512795388699
0.512790739536
0.512716412544
0.512665450573
0.512620389462
0.512648701668
0.512722849846
0.512680351734
0.51283031702
0.512711405754
0.512872457504
0.512921988964
0.51273804903
0.512752592564
0.51271802187
0.512696385384
0.512801468372
0.512810528278
0.512893557549
0.512842237949
0.512924492359
0.512924790382
0.512783408165
0.512621700764
0.512863457203
0.512936115265
0.512811839581
0.512825369835
0.512732088566
0.51289087534
0.512731730938
0.512750446796
0.512862920761
0.51284122467
0.512757956982
0.512743115425
0.512729644775
0.512815833092
0.512857019901
0.512659072876
0.512912750244
0.512794494629
0.512877225876
0.512851238251
0.512801468372
0.512802839279
0.512791335583
0.512870848179
0.512714803219
0.51275241375
0.512888908386
0.512872159481
0.512818336487
0.512943446636
0.512861430645
0.512621164322
0.512886822224
0.512834966183
0.512964904308
0.512855887413
