0.512884378433
0.512822508812
0.512839972973
0.512966275215
0.512984573841
0.512986838818
0.512886583805
0.512965202332
0.512983381748
0.512973487377
0.51302665472
0.5129956007
0.513032674789
0.512968063354
0.513020396233
0.512969493866
0.512967884541
0.512983500957
0.513042390347
0.512920558453
0.513009667397
0.513033390045
0.512975513935
0.51291513443
0.51297467947
0.513024270535
0.51300907135
0.51305025816
0.51297044754
0.512923955917
0.512988269329
0.512909352779
0.5129545331
0.513112485409
0.512943863869
0.512956976891
0.513000130653
0.512947916985
0.512878596783
0.512990415096
0.512901306152
0.512934744358
0.513052344322
0.512859284878
0.512906074524
0.512935340405
0.512961566448
0.512923598289
0.512970268726
0.513002514839
0.512960970402
0.512930810452
0.512885808945
0.512959182262
0.512929618359
0.512920081615
0.512928068638
0.512901127338
0.512936413288
0.51282197237
0.512900948524
0.512926876545
0.512883245945
0.512839376926
0.512859165668
0.512976169586
0.512898206711
0.512910425663
0.512899756432
0.512912154198
0.512939751148
0.512918949127
0.512827455997
0.512870907784
0.51285213232
0.512917280197
0.512898743153
0.512848317623
0.512945830822
0.512889921665
0.512904167175
0.512885391712
0.512847959995
0.512925624847
0.512874364853
0.512907445431
0.512892961502
0.512844920158
0.513002514839
0.512859642506
0.512974858284
0.512876689434
0.513011395931
0.512950778008
0.512970507145
0.513044774532
0.512914657593
0.51302832365
0.51300573349
0.51297301054
0.513024508953
0.5130417943
0.512922585011
0.513006865978
0.513001859188
0.513033926487
0.513075590134
0.512931406498
0.512963354588
0.513010561466
0.513012588024
0.512887775898
0.512915611267
0.513092517853
0.513009130955
0.513076603413
0.513072550297
0.512962281704
0.513055980206
0.513044297695
0.512967228889
0.512995004654
0.512919485569
0.513041615486
0.51297211647
0.512979865074
0.513031899929
0.512976467609
0.513028681278
0.513003706932
0.512885153294
0.513095855713
0.512981772423
0.513009130955
0.51297056675
