0.0
0.511778652668
0.511890530586
0.51189661026
0.511800348759
0.511797249317
0.511760532856
0.511713087559
0.511717200279
0.511671066284
0.511671483517
0.511624634266
0.511552155018
0.511487007141
0.511547327042
0.51197552681
0.512138962746
0.512143790722
0.512247860432
0.512369275093
0.512441217899
0.512506425381
0.512577772141
0.51261562109
0.512620151043
0.51258701086
0.512559115887
0.51253759861
0.512530624866
0.512518882751
0.512537360191
0.512558758259
0.512568414211
0.512563049793
0.512565851212
0.512556791306
0.512555062771
0.512573897839
0.512561500072
0.512586534023
0.512591123581
0.512580513954
0.512554109097
0.512582242489
0.512582600117
0.512583971024
0.51259791851
0.512637674809
0.512652695179
0.512671411037
0.512705981731
0.512729763985
0.512741625309
0.51273047924
0.512751877308
0.512791931629
0.512816786766
0.512847483158
0.512845218182
0.512876868248
0.51286059618
0.512900471687
0.512924015522
0.51293939352
0.512938976288
0.512925326824
0.512891769409
0.512871861458
0.512914001942
0.512889504433
