1.91612150713e-40
1.51486217976
1.51492655277
1.51496243477
1.51492476463
1.51488530636
1.514939785
1.5149731636
1.514996171
1.5149409771
1.51493382454
1.51493179798
1.51486361027
1.51475536823
1.51470446587
1.51469051838
1.51461827755
1.5145149231
1.5144200325
1.51439940929
1.51432263851
1.51427090168
1.5142403841
1.5142544508
1.51431369781
1.514326334
1.51434719563
1.51438248158
1.51443326473
1.51447916031
1.5145367384
1.51457452774
1.51463317871
1.51467180252
1.5146381855
1.51465010643
1.51465189457
1.51468861103
1.51467442513
1.51466906071
1.51466584206
1.51469540596
1.51469707489
1.51467823982
1.51464688778
1.51463103294
1.51461350918
1.51458013058
1.51458024979
1.51457309723
1.5145573616
1.51454377174
1.51451778412
1.51455903053
1.51460266113
1.51464700699
1.51467525959
1.5146946907
1.51467549801
1.51468920708
1.51469266415
1.51477050781
1.5149089098
1.51501357555
1.51512205601
1.51519703865
1.5152605772
1.51531481743
1.51543056965
1.51549685001
1.51556408405
1.51554822922
1.51550626755
1.51542901993
1.51534497738
1.51526904106
1.51522874832
1.51521289349
1.51515901089
1.51517486572
1.5151258707
1.51511538029
1.51506841183
1.51508772373
1.51514041424
1.51515972614
1.51521885395
1.51520991325
1.51519620419
1.51514196396
1.51516616344
1.51516962051
1.51518690586
1.51520848274
1.51516294479
1.5151245594
1.51503193378
1.51503694057
1.51506352425
1.51505982876
1.51507019997
1.51508104801
1.51507747173
1.5150475502
1.51507246494
1.51509356499
1.51515638828
1.5151617527
1.51513528824
1.51514232159
1.51516342163
1.51512002945
1.51520311832
1.51527297497
1.51530838013
1.51536118984
1.51537871361
1.51544463634
1.51551091671
1.51555490494
1.51561617851
1.51567494869
1.51564180851
1.51561892033
1.51560044289
1.5156069994
1.51560533047
1.51558101177
1.51560211182
1.51562643051
1.51559174061
1.51558840275
1.51558840275
1.51560735703
1.51565229893
1.51566302776
1.5156596899
1.51568639278
1.51566541195
1.51566648483
1.51567304134
1.51572370529
1.51573228836
1.51570987701
1.51570129395
1.51572215557
1.51574707031
1.51576220989
1.51579022408
1.51578867435
1.51580286026
1.51579105854
1.51579296589
1.51581203938
1.51581907272
1.51579082012
1.51578915119
1.51577043533
1.51575481892
1.51575124264
1.51577723026
1.51578080654
1.5158264637
1.5158315897
1.51584398746
1.51585423946
1.51588225365
1.51590287685
1.51594316959
1.51599216461
1.5159869194
1.5160074234
1.5160074234
1.51604890823
1.51604151726
1.51603841782
1.51601886749
1.51599943638
1.516015172
1.51600492001
1.51596271992
1.51594662666
1.51589536667
1.51582765579
1.51578855515
1.51578807831
1.51576888561
1.51577532291
1.51571714878
1.51567983627
1.51569533348
1.51565158367
1.51570403576
1.51573741436
1.51578307152
1.51578950882
1.51580870152
1.51580381393
1.51585459709
1.51591396332
1.51592969894
1.51597332954
1.51592803001
1.51591384411
1.5159226656
1.51591718197
1.51592242718
1.51590335369
1.5158700943
1.51583003998
1.51583170891
1.51586842537
1.51589632034
1.51591217518
1.51590847969
1.51592946053
1.51591253281
1.51593339443
1.51593494415
1.51594209671
1.51595067978
1.5159419775
1.51593840122
1.5159419775
1.51597332954
1.51597368717
1.51599085331
1.51601362228
1.51606798172
1.51608204842
1.51610302925
1.51612246037
1.51614689827
1.51617467403
1.51615560055
