3.0605738163
3.06274533272
3.06012606621
3.05847048759
3.05878567696
3.05907845497
3.06025886536
3.05640411377
3.05809164047
3.05806517601
3.05807256699
3.05639219284
3.06262111664
3.05784511566
3.055519104
3.05912780762
3.05996990204
3.05999064445
3.0595459938
3.06001496315
3.05692195892
3.05836772919
3.05675315857
3.05570197105
3.05820465088
3.05733299255
3.05790472031
3.0561106205
3.05837988853
3.05838441849
3.06002926826
3.0566534996
3.0566265583
3.05843114853
3.05891704559
3.057492733
3.05516457558
3.05754423141
3.05867242813
3.05951142311
3.05751657486
3.05942893028
3.05739831924
3.05830311775
3.06002807617
3.05645656586
3.05900335312
3.05752921104
3.05851840973
3.05916023254
3.05600810051
3.05805945396
3.0588350296
3.05978083611
3.05896401405
3.05826544762
3.05710577965
3.05719995499
3.05735969543
3.05682945251
3.05899381638
3.05797219276
3.05778646469
3.05925416946
3.06034016609
3.05983495712
3.05853390694
3.06041073799
3.05968809128
3.06085896492
3.0595870018
3.05854010582
3.05939030647
3.06077265739
3.05870342255
3.05761146545
3.06078696251
3.06117677689
3.06178474426
3.06307077408
3.06049656868
3.06099510193
3.06109833717
3.06148457527
3.06260871887
3.06151437759
3.06067848206
3.05858469009
3.05939364433
3.05999398232
3.06014728546
3.05789399147
3.06135654449
3.06196665764
3.06106448174
3.06229400635
3.0609369278
3.06066322327
3.06213068962
3.05978035927
3.06069946289
3.06165099144
3.06084895134
3.06005501747
3.06051778793
3.06206846237
3.0606341362
3.06048822403
3.06003284454
3.06154632568
3.06239247322
3.0621407032
3.05926418304
3.06178474426
3.06210780144
3.06049013138
3.06147909164
3.0624191761
3.06303215027
3.06107807159
3.06067228317
3.06019687653
3.05984926224
3.06201791763
3.06001758575
3.06136965752
3.06030130386
3.06206297874
3.06333088875
3.05973958969
3.058396101
3.0614824295
3.06219410896
3.05963039398
3.06179285049
3.05779075623
3.06145596504
3.05977535248
3.06019568443
3.0611770153
3.06155061722
3.06166481972
3.06308817863
3.06273579597
3.06141233444
3.06462669373
3.06027150154
3.05897450447
3.06019234657
3.05994009972
3.06003117561
3.06209683418
3.06226658821
3.06183195114
3.05945467949
3.06333637238
3.06342601776
3.0616915226
3.06200098991
3.06288933754
3.0643324852
3.06136345863
3.05923700333
3.06179332733
3.06155395508
3.06082010269
3.06295990944
3.06280589104
3.06274485588
3.06191110611
3.06411719322
3.0626513958
3.05991649628
3.06400966644
3.05960273743
3.06614327431
3.0629863739
3.06135034561
3.06156158447
3.06150841713
3.06005644798
3.0617275238
3.05957794189
3.06031894684
3.0609588623
3.06116700172
3.06141877174
3.06008338928
3.06078767776
3.0578353405
3.06140375137
3.06221246719
3.06232905388
3.06300234795
3.06321525574
3.06081199646
3.06116080284
3.06385445595
3.0630979538
3.05878686905
3.06134223938
3.06208658218
3.06280827522
3.06279420853
3.06318187714
3.0616402626
3.06326651573
3.06340456009
