2.02436518669
2.02486610413
2.02347373962
2.02409338951
2.02481436729
2.0233809948
2.02257394791
2.02410459518
2.02266716957
2.02403354645
2.02402949333
2.02409291267
2.02296996117
2.02475547791
2.02408409119
2.02430272102
2.02432394028
2.02456307411
2.02477860451
2.02392911911
2.0233938694
2.02359485626
2.02427506447
2.02406859398
2.02338171005
2.02381396294
2.02368283272
2.02342200279
2.02342295647
2.02371525764
2.02292990685
2.02257013321
2.02334237099
2.02362251282
2.02322602272
2.02327942848
2.02397179604
2.02345252037
2.02288222313
2.02352380753
2.02490186691
2.02334523201
2.0232872963
2.02409076691
2.02437138557
2.02504873276
2.02475452423
2.02432751656
2.02357769012
2.02361321449
2.02297353745
2.024340868
2.02472758293
2.02360630035
2.02434778214
2.02489852905
2.02412819862
2.02332162857
2.02356719971
2.02452611923
2.02460122108
2.02364635468
2.02306509018
2.02366137505
2.02476525307
2.02457880974
2.02339553833
2.02380943298
2.02429652214
2.02517557144
2.02312493324
2.02402281761
2.02395606041
2.02400445938
2.02458381653
2.02387738228
2.02330088615
2.0232834816
2.02398109436
2.0236427784
2.02313804626
2.02344822884
2.02368855476
2.02372264862
2.02335047722
2.02385830879
2.02350234985
2.02387690544
2.02360033989
2.02375864983
2.02347683907
2.02370142937
2.02374768257
2.02399682999
2.02390646935
2.02376365662
2.02435612679
2.02350306511
2.02367806435
2.023832798
2.02386617661
2.02382540703
2.02321720123
2.02384757996
2.02381372452
2.02337622643
2.02324748039
2.02289605141
2.02389860153
2.02360701561
2.02422165871
2.02401471138
2.02370405197
2.02353405952
2.02435398102
2.02378344536
2.02390241623
2.02401328087
2.02373862267
2.0237698555
2.02351784706
2.02313137054
2.02326846123
2.0235555172
2.0237467289
2.02301311493
2.02303123474
2.0234003067
2.02336835861
2.02366662025
2.02335500717
2.02332782745
2.02329325676
2.02301430702
2.02344417572
2.02326226234
2.02371644974
2.02423667908
2.02336120605
2.02352690697
2.02425813675
2.02363944054
2.0232770443
2.02362895012
2.02346539497
2.02317452431
2.02304053307
2.02351379395
2.02345967293
2.02372813225
2.02384400368
2.02341341972
2.02324819565
2.02335882187
2.02305102348
2.02332377434
2.02379751205
2.02348923683
2.02379655838
2.02298736572
2.02350592613
2.02317810059
2.02378058434
2.02344059944
2.02361416817
2.02319955826
2.02387237549
2.02366113663
2.02357840538
2.02358317375
2.02290344238
2.02491044998
2.02336859703
2.02311849594
2.02318930626
2.0240175724
2.02414226532
2.0230550766
2.02351951599
2.02360773087
2.02329945564
2.02342629433
2.02373170853
2.02318048477
2.02580714226
2.02460360527
2.02424049377
2.02449965477
2.02469563484
2.02412295341
2.02362036705
2.02324390411
2.02376675606
2.02328205109
2.02368116379
2.02461433411
2.02444958687
2.02415537834
2.0243036747
2.02426958084
2.02409148216
2.02431106567
2.02456259727
2.0248029232
2.02407169342
2.02328515053
2.02337288857
2.02346563339
2.02363586426
2.02333807945
2.02383732796
2.02312660217
2.0239508152
2.02378582954
2.02346968651
2.02303290367
2.02360391617
2.02328395844
2.02349185944
2.0235414505
2.02378749847
2.02322149277
2.02394986153
2.02320933342
2.02390384674
2.02321434021
2.02352666855
2.02379202843
2.02371716499
2.02353262901
2.02373313904
2.02362728119
2.02362036705
2.02408123016
