-1.8604244731e-23
3.0618917942
3.06269526482
3.0626604557
3.06272864342
3.06238651276
3.06256866455
3.06263661385
3.06244182587
3.06199359894
3.06213402748
3.06245017052
3.06235218048
3.06226158142
3.06216979027
3.06238079071
3.06212186813
3.06204199791
3.06206870079
3.0626180172
3.06233620644
3.06176280975
3.06149435043
3.06161499023
3.06143522263
3.06100106239
3.06077694893
3.06046080589
3.06031250954
3.06001353264
3.05984830856
3.05996084213
3.05992794037
3.05945730209
3.0594830513
3.05970549583
3.0598025322
3.05975866318
3.05976557732
3.05965852737
3.0594637394
3.05928492546
3.05897593498
3.0587246418
3.05826497078
3.05778741837
3.05747199059
3.05743050575
3.05728244781
3.05701136589
3.05761933327
3.05755734444
3.05739831924
3.0577814579
3.05819821358
3.05862140656
3.05892848969
3.0591135025
3.05899524689
3.05917239189
3.05856227875
3.05836176872
3.05864596367
3.05844783783
3.05824136734
3.0578584671
3.05776238441
3.0575978756
3.05791044235
3.05774617195
3.05774044991
3.05805015564
3.05795693398
3.057741642
3.05771636963
3.05796957016
3.05806446075
3.05797863007
3.0579123497
3.05798149109
3.05813717842
3.05826711655
3.05816650391
3.05841207504
3.05850768089
3.05857110023
3.05821442604
3.05827856064
3.05822205544
3.05848026276
3.05855035782
3.05835437775
3.05843496323
3.05838465691
3.05826091766
3.05823969841
3.0584487915
3.058396101
3.05843830109
3.05847477913
3.05856180191
3.05860328674
3.05892705917
3.05919504166
3.05955934525
3.0596113205
3.05964684486
3.05995178223
3.05990505219
3.05965089798
3.05974912643
3.06000089645
3.06015205383
3.06048870087
3.06043457985
3.06058430672
3.06085395813
3.0609395504
3.06133055687
3.06170725822
3.06169867516
3.06153440475
3.06135106087
3.06117677689
3.06133508682
3.06145787239
3.06141209602
3.06147360802
3.06116724014
3.06108188629
3.06116628647
3.06129026413
3.06129050255
3.06119680405
3.061211586
3.06104898453
3.0610461235
3.06099581718
3.06127238274
3.06143474579
3.06147432327
3.06162691116
3.06167268753
3.06176614761
3.06179499626
3.06202936172
3.06208348274
3.06198430061
3.06172585487
3.06172513962
3.06152653694
3.06144618988
3.06142020226
3.0614824295
3.06156253815
3.06123256683
3.06096291542
3.06103825569
3.06128406525
3.06101417542
3.06119322777
3.06120824814
3.0611538887
3.06106328964
3.06087613106
3.061221838
3.06165671349
3.06165647507
3.06190156937
3.06184244156
3.06168889999
3.06153178215
3.06154155731
3.06163263321
3.06172037125
3.06156945229
3.06162810326
3.06165385246
3.06138634682
3.06190824509
3.0620200634
3.06193685532
3.06213617325
3.06209278107
3.06196522713
3.06209659576
3.06204676628
3.06215381622
3.06215572357
3.06215190887
3.06201910973
3.06204986572
3.06217217445
3.0621843338
3.06211018562
3.06198525429
3.06166052818
3.06149697304
3.06143212318
3.06103372574
3.06112909317
3.06097388268
3.06079792976
3.06085133553
3.0610806942
3.06124353409
3.06136465073
3.06166005135
3.0614168644
3.0616300106
3.06181669235
3.06230521202
3.06249928474
3.06240439415
3.06232881546
3.06232857704
3.06259393692
