0.0
0.512757241726
0.512749314308
0.51277256012
0.512782275677
0.512799143791
0.512794911861
0.512790977955
0.512789428234
0.512802541256
0.51280194521
0.512810885906
0.512822151184
0.512814044952
0.512814640999
0.512814581394
0.512823820114
0.512832343578
0.512832462788
0.5128236413
0.512829303741
0.512826263905
0.512824952602
0.512828946114
0.512826442719
0.512825727463
0.512826859951
0.512821674347
0.512806117535
0.512802958488
0.512786746025
0.512773513794
0.512765645981
0.512790203094
0.512781322002
0.512781023979
0.512782275677
0.512784123421
0.512779712677
0.51277834177
0.512783586979
0.512795329094
0.512803196907
0.512794613838
0.512785434723
0.512779951096
0.512784481049
0.512783110142
0.512784481049
0.512794017792
0.512790620327
0.512810111046
0.512790977955
0.512792766094
0.512803912163
0.512802124023
0.512799084187
0.512793779373
0.512797057629
0.51277756691
0.512784719467
0.512774348259
0.51277422905
0.51277422905
0.512775838375
0.51280015707
0.512797415257
0.512807846069
0.512804389
0.51280528307
0.512811660767
0.512814700603
0.51280194521
0.512806892395
0.512823939323
0.512820959091
0.512819290161
0.51282453537
0.512815415859
0.51281362772
0.512801587582
0.512800514698
0.512812316418
0.512802481651
0.512795686722
0.512798011303
0.512803375721
0.512799322605
0.512797415257
0.512794673443
0.512810707092
0.51280528307
0.512814223766
0.512809574604
0.512813866138
0.512813389301
0.512807309628
0.512813091278
0.512814342976
0.512820839882
0.51281940937
0.512812912464
0.512809872627
0.51280528307
0.512811124325
0.512814998627
0.512825846672
0.512829959393
0.51282864809
0.512840807438
0.512837827206
0.512856006622
0.512848436832
0.512856781483
0.512860298157
0.512863457203
0.512859523296
0.512866556644
0.512815475464
0.512813508511
0.512795269489
0.512795567513
0.512803256512
0.512805044651
0.512800335884
0.512798368931
0.512794077396
0.512790322304
0.51279437542
0.512791633606
0.512824416161
0.512790560722
0.51279270649
0.512787282467
0.512831628323
