2.02592778206
2.02579331398
2.02591538429
2.02597880363
2.02590465546
2.02595162392
2.02598381042
2.02612161636
2.02606725693
2.02607011795
2.02619862556
2.0261387825
2.02617835999
2.02598214149
2.02596664429
2.0258731842
2.02615451813
2.02598333359
2.025816679
2.02621388435
2.02593302727
2.0262465477
2.02604460716
2.02613902092
2.02632808685
2.02619957924
2.02613472939
2.0262260437
2.02626156807
2.02608966827
2.02596092224
2.02570581436
2.02622938156
2.02610301971
2.02617478371
2.02607250214
2.02599477768
2.02607798576
2.02602267265
2.02613711357
2.02622246742
2.0261926651
2.02601146698
2.02604746819
2.02625751495
2.02624487877
2.02596640587
2.02615261078
2.02598953247
2.02628898621
2.02634763718
2.02648472786
2.02632880211
2.02628898621
2.02595734596
2.02606391907
2.02635645866
2.02639579773
2.02609348297
2.02632474899
2.026293993
2.02621006966
2.02624106407
2.02627491951
2.02622294426
2.0263531208
2.02635717392
2.02633905411
2.02633237839
2.02636528015
2.02646112442
2.0263569355
2.02643895149
2.02630805969
2.02615118027
2.02617049217
2.02629256248
2.02632308006
2.02604651451
2.02628302574
2.02635288239
2.02631354332
2.02585887909
2.02592945099
2.02614045143
2.02625012398
2.02646780014
2.02622747421
2.02611684799
2.026283741
2.02603387833
2.02623343468
2.02621674538
2.02607131004
2.02612233162
2.02621984482
2.02597284317
2.02594208717
2.0261220932
2.0265314579
2.02603411674
2.02628731728
2.02640342712
2.02649497986
2.02638268471
2.02623820305
2.02619194984
2.02624249458
2.02593588829
2.02618479729
2.02628517151
2.02626657486
2.0262336731
2.02618145943
2.02601051331
2.02591514587
2.02636694908
2.0263864994
2.02612280846
2.02617120743
2.02604866028
2.02589416504
2.02579259872
2.02568888664
2.02593302727
2.02615046501
2.0261156559
2.02632665634
2.02618503571
2.02615213394
2.02647590637
2.02630901337
2.02609348297
2.02614402771
2.0260078907
2.02607345581
2.02600288391
2.02619361877
2.02600312233
2.02582573891
2.0264518261
2.02609109879
2.02601385117
2.02635097504
2.02650165558
2.0263478756
2.0260617733
2.02606225014
2.02587580681
2.026014328
2.02591347694
2.02590703964
2.02598404884
2.02632069588
2.0264942646
2.02588248253
2.02619171143
2.02645564079
2.02628397942
2.02569818497
2.02590727806
2.02603816986
2.02616357803
2.02624034882
2.02592563629
2.02586317062
2.02606225014
2.02600216866
2.02610683441
2.02619957924
2.02620625496
2.02614355087
2.02646899223
2.02625346184
2.02637553215
2.02625346184
2.02602410316
2.02620506287
2.02620029449
2.02617573738
2.02591514587
2.02595162392
2.02621102333
2.02599024773
2.02605628967
2.02632856369
2.02604579926
2.02624416351
2.02610564232
2.02612018585
2.02603626251
2.02611017227
2.02600812912
2.02603054047
2.02641320229
2.02612757683
2.02601504326
2.02590417862
2.02626729012
2.02628302574
2.02602100372
2.02631282806
2.02626514435
2.02608203888
2.02631235123
2.02623224258
2.02608680725
2.02627968788
2.02631950378
2.02627158165
2.02651333809
2.02665996552
2.02666974068
2.02646946907
2.02650952339
2.02630114555
2.0264275074
2.02623176575
2.02640247345
2.02637505531
2.02646327019
2.02632236481
2.02673149109
2.02642059326
2.02638530731
2.02650761604
2.02631735802
2.02625823021
2.02610826492
2.02610611916
2.02623558044
2.0262606144
2.02604866028
2.02632665634
2.0261452198
2.02644467354
2.02632188797
2.02641129494
2.02605056763
2.02620720863
2.0261182785
2.0261952877
2.02605366707
2.0261220932
2.02610635757
2.02623462677
2.02617287636
2.02624630928
2.02617359161
2.02637052536
2.0262901783
2.02619957924
2.02620172501
2.02625083923
2.02631831169
2.02602577209
2.02631640434
