0.512808740139
0.512701034546
0.512756288052
0.512857913971
0.512862622738
0.512870311737
0.512782394886
0.512820541859
0.512865185738
0.51287984848
0.512813150883
0.512864768505
0.512916147709
0.512795865536
0.512790977955
0.512844145298
0.512844324112
0.512826621532
0.512973606586
0.512798905373
0.512838542461
0.512849807739
0.512853085995
0.512778222561
0.512822031975
0.51285046339
0.512867569923
0.512834191322
0.512844622135
0.51281028986
0.512746095657
0.512767612934
0.512862324715
0.51288241148
0.512761354446
0.512817382812
0.512822329998
0.51285558939
0.512783229351
0.512748062611
0.512825608253
0.512781322002
0.512914538383
0.512768805027
0.512755990028
0.512805879116
0.512851715088
0.512841820717
0.512826919556
0.512847959995
0.512794196606
0.512865483761
0.512808978558
0.512819230556
0.512824952602
0.512765049934
0.512828886509
0.512746274471
0.512856066227
0.512799561024
0.512825608253
0.512800037861
0.512819290161
0.512758016586
0.512782156467
0.512857854366
0.512840569019
0.512835979462
0.512880146503
0.512841165066
0.5128454566
0.512804210186
0.512706160545
0.512778401375
0.512844204903
0.512818515301
0.512855470181
0.512792050838
0.512841939926
0.512779295444
0.512784957886
0.512796163559
0.512781322002
0.512797772884
0.512775361538
0.512838184834
0.512827992439
0.512755930424
0.512850880623
0.512751996517
0.512890338898
0.512827277184
0.512882709503
0.512787878513
0.5128210783
0.512796998024
0.512858867645
0.512911915779
0.512830615044
0.512834668159
0.512903571129
0.512802779675
0.512819647789
0.512829422951
0.512872338295
0.512882351875
0.512932658195
0.512834846973
0.512848734856
0.51289588213
0.512897729874
0.512800574303
0.512812674046
0.512939333916
0.51281940937
0.512906193733
0.512915313244
0.512866914272
0.512841463089
0.512892603874
0.512835264206
0.512879312038
0.512846589088
0.512902855873
0.512829363346
0.51283454895
0.512899637222
0.512838065624
0.512896120548
0.512860715389
0.512815177441
0.512897491455
0.512891173363
0.512849032879
0.512905240059
