0.0
1.51449406147
1.51452922821
1.51455521584
1.51454663277
1.51452052593
1.51447665691
1.51451158524
1.51454651356
1.514529109
1.51455521584
1.51456403732
1.51459026337
1.51459896564
1.51461672783
1.51478290558
1.5149422884
1.51501238346
1.51505601406
1.51504719257
1.51507341862
1.51511716843
1.51510846615
1.51506483555
1.51500368118
1.51496851444
1.51501250267
1.51510846615
1.51509976387
1.51518750191
1.51517868042
1.51510000229
1.5151001215
1.51512622833
1.51510858536
1.51516985893
1.51523137093
1.51517879963
1.51511728764
1.5149949789
1.51496875286
1.51502990723
1.51504731178
1.51502978802
1.51502108574
1.51506471634
1.51502978802
1.51502978802
1.51506471634
1.51510846615
1.51516115665
1.51514363289
1.51517879963
1.51522231102
1.51512622833
1.51515233517
1.51515245438
1.51510846615
1.51507353783
1.51533830166
1.51565599442
1.51566469669
1.51565599442
1.51564729214
1.51562976837
1.51562106609
1.5155595541
1.51557707787
1.51553332806
1.5155159235
1.51550710201
1.51551580429
1.51555085182
1.51555085182
1.51554214954
1.51556837559
1.51553344727
1.51555085182
1.5156121254
1.51563847065
1.51563847065
1.51569092274
1.51565599442
1.51565599442
1.51568222046
1.51569962502
1.51573455334
1.51567316055
1.51566457748
1.51567316055
1.51573455334
1.51573467255
1.51576089859
1.51581335068
1.51581311226
1.51580440998
1.51581311226
1.51583957672
1.51583957672
1.5158046484
1.51576948166
1.51577818394
1.51582193375
1.5157957077
1.5157957077
1.5158046484
1.515848279
1.51585698128
1.51580440998
1.51583957672
1.515848279
1.51591825485
1.51597940922
1.51601445675
1.51604068279
1.51604068279
1.51604068279
1.51603198051
1.516040802
1.51602327824
1.51600575447
1.51596188545
1.51593577862
1.51595342159
1.51590955257
1.51590967178
1.5159008503
1.51586484909
1.51577496529
1.51565992832
1.51567745209
1.51573002338
1.51570367813
1.51571238041
1.51575613022
1.51567733288
1.51573872566
1.51579988003
1.51583480835
1.51584362984
1.51586103439
1.51581728458
1.51582610607
1.51588749886
1.51593124866
1.51593112946
1.51589596272
1.51589620113
1.51588726044
1.51586103439
1.51589596272
1.51588726044
1.51586985588
1.51585233212
1.51585233212
1.51586103439
1.51585233212
1.51586103439
1.51587855816
1.51588726044
1.51594853401
1.51592242718
1.51593112946
1.51593983173
1.51594865322
1.51596617699
1.5159573555
1.51594865322
1.5159573555
1.51596617699
1.51596617699
1.51598358154
1.51599228382
1.51603603363
1.51607096195
1.51607990265
1.51606249809
1.51610612869
1.51614975929
1.51614975929
1.51613235474
