3.05832862854
3.05952596664
3.06134176254
3.06176328659
3.06245422363
3.06196308136
3.06181621552
3.06154489517
3.06430459023
3.06255149841
3.06299352646
3.06068873405
3.06363892555
3.06311655045
3.05796957016
3.0633597374
3.06498599052
3.06332802773
3.06164073944
3.06049370766
3.06207251549
3.0628015995
3.06105065346
3.06231021881
3.06116914749
3.06346607208
3.06054139137
3.05924320221
3.06064915657
3.06284880638
3.06027507782
3.05846500397
3.05880737305
3.05914449692
3.05968928337
3.06046390533
3.05889368057
3.06037569046
3.06031227112
3.05814599991
3.06051540375
3.06052708626
3.06069731712
3.05977201462
3.05870938301
3.05975985527
3.05939459801
3.05695748329
3.05858397484
3.0572142601
3.05563235283
3.05593657494
3.05591440201
3.05662202835
3.05805134773
3.05830264091
3.05827093124
3.05667424202
3.06303954124
3.05796456337
3.05562710762
3.059476614
3.06009817123
3.06014585495
3.05969452858
3.06015253067
3.05708932877
3.05844640732
3.05694150925
3.05595970154
3.05846095085
3.05749106407
3.05803346634
3.05632090569
3.05873203278
3.05850458145
3.06022882462
3.05680561066
3.05688381195
3.05841255188
3.05905246735
3.05752682686
3.05535054207
3.05778026581
3.0588490963
3.05967187881
3.0576479435
3.0595574379
3.05749487877
3.05843710899
3.06035161018
3.05652308464
3.05914378166
3.05780482292
3.05873131752
3.05947899818
3.05610537529
3.05829286575
3.0589966774
3.06007313728
3.05913734436
3.05839633942
3.05733299255
3.05729532242
3.05749177933
3.05723452568
3.05927300453
3.05819559097
3.0577673912
3.05942511559
3.06043577194
3.06001567841
3.05879855156
3.06057667732
3.05997180939
3.06113672256
3.05978870392
3.05855846405
3.0596818924
3.06081604958
3.05894994736
3.0578918457
3.06099677086
3.06131434441
3.06208467484
3.06333494186
3.0606045723
3.06128573418
3.06125354767
3.06168222427
3.0628554821
3.06165504456
3.06091189384
3.05884218216
3.05967712402
3.0601568222
3.06025028229
3.05800175667
3.06159329414
3.0621843338
3.06124353409
3.06251072884
3.06100916862
3.06079292297
3.06230306625
3.05979037285
3.06080746651
3.0617556572
3.06091427803
3.06025266647
3.06065654755
3.06233406067
3.06088399887
3.06077003479
3.06009817123
3.06179618835
3.06254935265
3.06243348122
3.05945777893
3.06215143204
3.06243658066
3.06071662903
3.06159234047
3.06262087822
3.06323122978
3.0613079071
3.06079506874
3.06029033661
3.0599656105
3.06243062019
3.06016302109
3.06163549423
3.06045842171
3.06221628189
3.0634188652
3.05993366241
3.05860376358
3.06154847145
3.06242489815
3.05973529816
3.06194663048
3.0580291748
3.0617890358
3.05991125107
3.06131076813
3.06155061722
3.06180596352
3.06339120865
3.06295871735
3.0615375042
3.06488227844
3.06035089493
3.05914783478
3.06041526794
3.06021666527
3.06000947952
3.06222200394
3.06242346764
3.06188941002
3.05971598625
3.06353068352
3.06367611885
3.06180024147
3.06219792366
3.06283473969
3.06436944008
3.06153535843
3.05938792229
3.06200313568
3.06179666519
3.06114721298
3.06319832802
3.06303715706
3.06287050247
3.06221652031
3.06432819366
3.06020498276
3.06434392929
3.05969452858
3.06634187698
3.06322407722
3.06181144714
3.06192159653
3.06169962883
3.06039571762
3.05979156494
3.06047844887
3.06124043465
3.06165790558
3.0603415966
3.05814170837
3.06146764755
3.06268334389
3.06323456764
3.06100678444
3.06419491768
3.06325626373
3.06165003777
3.0624730587
3.06302499771
3.06340050697
3.06151103973
3.06192445755
3.06358218193
3.06366920471
