0.0
2.02413964272
2.02379822731
2.02369618416
2.02370595932
2.02351713181
2.02360129356
2.02370214462
2.02384400368
2.0239341259
2.02394032478
2.02389144897
2.02394151688
2.02390313148
2.02395987511
2.02417492867
2.02415442467
2.02407360077
2.02401328087
2.02402997017
2.0240085125
2.02398085594
2.02397370338
2.02412319183
2.02415180206
2.02404046059
2.02395606041
2.02396297455
2.02400445938
2.02396583557
2.02390432358
2.023914814
2.02393579483
2.0239136219
2.02396845818
2.02391934395
2.02401542664
2.02404499054
2.02396512032
2.02396631241
2.02400135994
2.02397942543
2.02392911911
2.02389407158
2.02373528481
2.0237865448
2.02369618416
2.0236427784
2.02355003357
2.02346396446
2.0234515667
2.02346134186
2.0235209465
2.02347254753
2.02350592613
2.02350020409
2.02356147766
2.02355718613
2.02361440659
2.02359366417
2.02359962463
2.02367162704
2.02368307114
2.02371025085
2.02366352081
2.02373766899
2.02371263504
2.0237402916
2.02375745773
2.0237891674
2.02379107475
2.02371120453
2.02369570732
2.02371072769
2.02370429039
2.02358961105
2.0235247612
2.02355051041
2.02352619171
2.02356266975
2.02357387543
2.02362036705
2.02359104156
2.02364039421
2.02367544174
2.02374339104
2.02385139465
2.0238275528
2.02384614944
2.02377462387
2.02370119095
2.02365636826
2.02365756035
2.0235979557
2.0235247612
2.02344155312
2.0233836174
2.02337837219
2.02333641052
2.02334666252
2.02335977554
2.0233643055
2.0233335495
2.02324819565
2.02329611778
2.02332019806
2.02334952354
2.02341151237
2.02341175079
2.02340745926
2.02350592613
2.02354192734
2.02354192734
2.02360582352
2.02358627319
2.02360415459
2.02358293533
2.02353096008
2.0235657692
2.02352643013
2.02342867851
2.02339529991
2.02337217331
2.02336359024
2.02338886261
2.02341175079
2.02345275879
2.02341556549
2.02336883545
2.02338790894
2.02335715294
2.0233528614
2.02343082428
2.02342772484
2.02345585823
2.02338266373
2.02334618568
2.02331876755
2.02337026596
2.02338480949
2.02344441414
2.02343201637
2.02344560623
2.0234618187
2.02343797684
2.0235004425
2.02344584465
2.02363109589
2.02359080315
2.02354860306
2.02350592613
2.02359223366
2.02360749245
2.02354550362
2.0235388279
2.02354311943
2.02357721329
2.02341866493
2.02345514297
2.02346873283
2.02373385429
2.02379155159
2.02380561829
2.02395319939
2.02407360077
2.02412223816
2.02415156364
2.02413368225
2.0241394043
2.02414679527
2.02392792702
2.02393054962
2.02395486832
2.02391600609
2.023873806
2.02389192581
2.02393960953
2.0240445137
2.02412772179
2.02427768707
2.02431941032
2.02418494225
2.02407193184
2.02400255203
2.02393484116
2.02384138107
2.02382230759
2.02370429039
2.02363562584
2.02353954315
2.02347803116
2.0234541893
2.02347946167
2.02346611023
2.02345061302
2.02346658707
2.02345776558
2.0234644413
2.02346515656
2.02340245247
2.02344989777
2.023468256
2.02346301079
2.02351474762
2.02353787422
2.02353596687
2.02353525162
2.0235812664
2.0235543251
2.0236389637
