1.0140362978
1.01403403282
1.01407575607
1.0140683651
1.01406848431
1.0140504837
1.01409447193
1.01408708096
1.0141119957
1.0140761137
1.014067173
1.01409339905
1.01408874989
1.01408135891
1.01402831078
1.01401817799
1.01401722431
1.01408171654
1.01402974129
1.01401782036
1.01403105259
1.0139952898
1.01404261589
1.01399600506
1.01401948929
1.01403272152
1.01402425766
1.0140491724
1.01404356956
1.01402103901
1.01402068138
1.01405143738
1.01471865177
1.01468443871
1.01461684704
1.01466357708
1.01465177536
1.01467692852
1.01459527016
1.01467072964
1.01467764378
1.01463460922
1.0146676302
1.01464545727
1.01464617252
1.01462364197
1.01465964317
1.01466882229
1.01463568211
1.01467323303
1.01466357708
1.01465201378
1.01467263699
1.01464128494
1.01464378834
1.01459956169
1.01463973522
1.01463127136
1.01462650299
1.01466286182
1.01461458206
1.01463401318
1.0146239996
1.01461780071
1.01462817192
1.01459240913
1.01462495327
1.01462006569
1.01464259624
1.0146433115
1.01462757587
1.01459932327
1.01463031769
1.01462197304
1.01465678215
1.01470756531
1.01465451717
1.01464998722
1.01459085941
1.01464140415
1.01472878456
1.0146394968
1.01463603973
1.0146394968
1.01466059685
1.01468527317
1.01466786861
1.01463401318
1.01466178894
1.01464509964
1.01462709904
1.01463580132
1.01467895508
1.01468145847
1.01467704773
1.01465427876
1.01464605331
1.01469171047
1.01466655731
1.01465928555
1.0146420002
1.01466262341
1.01467084885
1.0146548748
1.01466357708
1.01465892792
1.01464641094
1.01466822624
1.01467812061
1.014747262
1.01467835903
1.01472365856
1.01471674442
1.01473879814
1.01470720768
1.0147087574
1.01473414898
1.01473546028
1.01465678215
1.01475560665
1.01476311684
1.01473081112
1.0147703886
1.01475310326
1.01475405693
1.01471066475
1.0147742033
1.01475596428
1.01471996307
1.01472890377
1.01474142075
1.01474642754
1.01478803158
1.01472258568
1.01475512981
1.01474905014
1.01475942135
1.01473164558
1.0147536993
1.01475965977
1.01476264
1.01478564739
1.01475465298
1.01476967335
1.01475346088
1.01482057571
1.01477360725
1.01474058628
1.01477396488
1.01476073265
1.01475024223
1.01478827
1.0147497654
1.01478135586
1.01479279995
1.01477026939
1.014778018
1.01472103596
1.01474642754
1.0147536993
1.01471948624
1.01477456093
1.01474475861
1.01471972466
1.01475608349
1.01479661465
1.01476383209
1.01473939419
1.01475334167
1.01476299763
1.01480388641
1.01477503777
1.01473402977
1.01478612423
1.01476860046
1.01474535465
1.01476812363
1.01474761963
1.01476573944
1.01477777958
1.01477515697
1.01476573944
1.01473712921
1.01477015018
1.01466870308
1.01465308666
1.01467144489
1.01465129852
1.0146882534
1.01469230652
1.01465821266
1.01462376118
1.01467895508
1.01464056969
1.01461660862
1.0146689415
1.01472842693
1.01467895508
1.01467347145
1.01467740536
1.0146727562
1.01470816135
1.01466441154
1.01471030712
1.01467132568
1.01470315456
1.01466941833
1.01470303535
1.0147036314
1.01465678215
1.01467502117
1.01471507549
1.01479291916
1.01472759247
1.0146677494
1.01470410824
1.01472878456
1.01471555233
1.01472330093
1.01467573643
1.01471841335
1.01478803158
1.01469326019
1.01464998722
1.01475262642
1.01473557949
1.01473295689
1.01474487782
1.01469492912
1.01467657089
1.01472210884
1.01469087601
1.01472520828
1.01471233368
1.01471781731
1.01473224163
1.01473450661
1.01472520828
1.01475024223
1.01471567154
1.01473224163
1.01474106312
