0.51289832592
0.512801170349
0.512869656086
0.512962520123
0.513007521629
0.5129956007
0.512859523296
0.512919902802
0.512975990772
0.512978494167
0.512925863266
0.512988328934
0.513018488884
0.512932062149
0.512914001942
0.512916624546
0.512971043587
0.512939155102
0.513064861298
0.512916386127
0.512933194637
0.512974500656
0.512967050076
0.512883365154
0.512937188148
0.5129737854
0.512963235378
0.512952506542
0.512981772423
0.512932598591
0.512867212296
0.512861132622
0.512957394123
0.51302665472
0.512878239155
0.512915670872
0.512981057167
0.512953341007
0.512870132923
0.512895107269
0.512919068336
0.51293194294
0.513005554676
0.512872755527
0.51281452179
0.512905240059
0.512955725193
0.512956500053
0.51294529438
0.512950122356
0.512923717499
0.512954175472
0.512911438942
0.512912988663
0.512941241264
0.512875974178
0.512943983078
0.512827217579
0.512936294079
0.512899160385
0.512898981571
0.512918353081
0.512894392014
0.512828052044
0.512891829014
0.51294952631
0.512927174568
0.512920498848
0.512966930866
0.512935400009
0.512939810753
0.512879312038
0.512795627117
0.512874901295
0.512925982475
0.512902259827
0.512898564339
0.51281940937
0.512935400009
0.512839794159
0.512867867947
0.51288497448
0.512812554836
0.512898504734
0.512840986252
0.512908279896
0.512895107269
0.512823939323
0.512917518616
0.512814581394
0.512975633144
0.512897074223
0.512936353683
0.512889206409
0.512905836105
0.512917518616
0.512894868851
0.512982666492
0.512922167778
0.512919068336
0.512952804565
0.512935638428
0.512894630432
0.512932181358
0.512957453728
0.512971580029
0.513057053089
0.512919664383
0.512923419476
0.512972891331
0.512989223003
0.512876152992
0.512886941433
0.513026893139
0.512943089008
0.513034045696
0.513025105
0.51294529438
0.512974023819
0.513004302979
0.512962639332
0.51298314333
0.512917637825
0.513003826141
0.512953221798
0.512924253941
0.512970864773
0.51294118166
0.512990534306
0.512982428074
0.512883901596
0.513061404228
0.512981832027
0.512977302074
0.512997686863
