1.51413583755
1.51485264301
1.51467585564
1.51473557949
1.51453185081
1.51469635963
1.51433503628
1.51462030411
1.51458859444
1.51452565193
1.51470303535
1.51527571678
1.51529216766
1.51536226273
1.51503574848
1.51490092278
1.51508426666
1.5151103735
1.51514923573
1.5150333643
1.51506257057
1.51552414894
1.51502811909
1.51479935646
1.51520657539
1.51491200924
1.51521718502
1.51541996002
1.51523756981
1.51569712162
1.5150551796
1.51488232613
1.51498866081
1.51504230499
1.51521372795
1.51506769657
1.51542055607
1.51497590542
1.51489794254
1.51478719711
1.51513028145
1.51514494419
1.51497006416
1.51512980461
1.51532423496
1.51505374908
1.51512467861
1.51518940926
1.51509511471
1.51539444923
1.51515364647
1.5148768425
1.51500558853
1.51535844803
1.51490175724
1.51587879658
1.51585185528
1.51560366154
1.51563441753
1.5156005621
1.51582217216
1.51558160782
1.51548159122
1.51596546173
1.51549983025
1.51543223858
1.51554381847
1.51561415195
1.51541209221
1.51571440697
1.51557958126
1.51558446884
1.51577436924
1.51571261883
1.51565027237
1.51546657085
1.51554918289
1.51580440998
1.51584517956
1.51582014561
1.51556003094
1.51585149765
1.51555144787
1.51574063301
1.51571822166
1.51596999168
1.51564514637
1.51559209824
1.51576352119
1.51600551605
1.51599955559
1.51584839821
1.51573014259
1.51604127884
1.51585769653
1.51603746414
1.51564478874
1.51577579975
1.51596331596
1.51581954956
1.51573133469
1.51578080654
1.51582324505
1.5156788826
1.51610934734
1.51589000225
1.51610720158
1.51580715179
1.51595759392
1.51595139503
1.51585125923
1.51604998112
1.51600468159
1.51608216763
1.5161678791
1.5160588026
1.51607358456
1.51610088348
1.51588833332
1.51582169533
1.51586484909
1.51583266258
1.51625537872
1.51607370377
1.5155813694
1.51590383053
1.51557230949
1.51555490494
1.5154684782
1.51577210426
1.51564884186
1.51587688923
1.51564133167
1.51567959785
1.51576948166
1.51549327374
1.51609838009
1.51587033272
1.51591074467
1.51584470272
1.51583528519
1.51565694809
1.51581728458
1.5161421299
1.51627624035
1.51592981815
1.51590192318
1.51565766335
1.51571214199
1.51600539684
1.51578831673
1.51589262486
1.51560604572
1.51582920551
1.51585865021
1.51592850685
1.51628375053
1.51590311527
1.51587200165
1.5159766674
1.51599287987
1.51568114758
1.51582336426
1.51582276821
1.51595926285
1.51604783535
1.51621937752
1.51587343216
1.51592588425
1.51629054546
1.51602137089
1.51588201523
1.51604807377
1.51612055302
1.5163744688
1.51609683037
1.5162204504
1.51640844345
1.51616704464
1.51619565487
1.51608800888
