1.5167798996
1.5166529417
1.516685009
1.51662182808
1.51660609245
1.51659333706
1.5166567564
1.51665234566
1.51677274704
1.51651108265
1.51674759388
1.5167580843
1.51673817635
1.51689040661
1.51692736149
1.51698756218
1.51684463024
1.51684784889
1.51686573029
1.51688051224
1.51673066616
1.51665258408
1.51664638519
1.51673543453
1.51681864262
1.51682734489
1.51676976681
1.51677155495
1.51681137085
1.51674377918
1.51681303978
1.51672816277
1.51676666737
1.51692438126
1.5169403553
1.51682817936
1.51675033569
1.51685607433
1.51684808731
1.51684522629
1.51674926281
1.51674866676
1.51683986187
1.51677656174
1.51672756672
1.51682376862
1.51674497128
1.51675355434
1.51672577858
1.51667642593
1.51674377918
1.51673686504
1.51682817936
1.51675486565
1.51668787003
1.51671767235
1.51680922508
1.51667165756
1.51660823822
1.51672375202
1.516746521
1.51669239998
1.5166875124
1.51671457291
1.51681017876
1.51682949066
1.51672577858
1.51676142216
1.51677525043
1.51684224606
1.51673293114
1.516710639
1.51666367054
1.51723134518
1.51740825176
1.51739215851
1.51745212078
1.51740908623
1.5174049139
1.51734220982
1.51735532284
1.51737821102
1.51727688313
1.51728379726
1.51730072498
1.51725912094
1.51706516743
1.51720476151
1.51715683937
1.51721572876
1.51714468002
1.51723337173
1.5172419548
1.51722240448
1.51705658436
1.51722896099
1.51719295979
1.51716816425
1.517152071
1.51719558239
1.51725292206
1.5171289444
1.51714885235
1.5170930624
1.51718699932
1.51710093021
1.51710236073
1.51713275909
1.5171046257
1.51712632179
1.51708698273
1.51712357998
1.51723241806
1.51706790924
1.51716780663
1.51716399193
1.51715135574
1.51715540886
1.51708877087
1.5171918869
1.51719772816
1.51720333099
1.51720261574
1.51708316803
1.51724469662
1.51710438728
1.51729691029
1.5172675848
1.51728618145
1.51728224754
1.51733624935
1.51731824875
1.51722669601
1.51732039452
1.51733934879
1.51730561256
1.51730668545
1.51730501652
1.51728594303
1.51726686954
1.51730453968
1.51733505726
1.5172932148
1.51733636856
1.51730000973
1.51737105846
1.51733458042
1.51725232601
1.51735460758
1.51736342907
1.51733160019
1.51732945442
1.51735079288
1.51731932163
1.51725375652
1.51733839512
1.51740336418
1.51738810539
1.5173612833
1.51736414433
1.51738512516
1.51732623577
1.51731550694
1.51732707024
1.51736497879
1.51738739014
1.51741683483
1.51733112335
1.51738798618
1.51739108562
1.51732039452
1.51734828949
1.51737582684
1.5174049139
1.5173470974
1.51728916168
1.51732373238
1.51740038395
1.51737356186
1.51740431786
1.51739728451
1.51742839813
1.51741349697
1.51738631725
1.51738476753
1.51742351055
1.51735317707
1.51741802692
1.5174164772
1.51743423939
1.51744222641
1.51741313934
1.51736938953
1.51742863655
1.51736986637
1.51738643646
1.51735758781
1.51738083363
1.517390728
1.51734447479
1.51733720303
1.5173034668
1.51738464832
1.51737821102
1.51735234261
1.51731812954
1.51740157604
1.51742351055
1.51746511459
1.51738345623
1.51737523079
1.51740312576
1.51742184162
1.51748418808
1.51747882366
1.51744508743
1.51741504669
1.5174087286
1.51739263535
1.51743638515
1.51741027832
1.51743638515
1.51738846302
1.51738095284
1.51740372181
1.51743924618
1.51752865314
1.51746487617
1.51742780209
1.51742267609
1.51749455929
1.5173817873
1.51743590832
1.51743662357
1.5174612999
1.51756179333
1.51749098301
1.51749300957
1.51746225357
1.51756989956
1.51745951176
1.5173869133
1.51747655869
1.51748538017
1.51757931709
1.51747512817
1.51745653152
1.51749908924
1.51755356789
1.51754450798
1.51756739616
