3.06161952019
3.06215381622
3.06002569199
3.06025886536
3.0601606369
3.06005191803
3.0595433712
3.06149744987
3.06086754799
3.06028079987
3.06133198738
3.06057953835
3.05964040756
3.05932188034
3.05963563919
3.0583922863
3.06065511703
3.06098723412
3.06023716927
3.06081461906
3.06081199646
3.06084680557
3.0595099926
3.06001615524
3.06082224846
3.06079435349
3.06023168564
3.05987906456
3.05920982361
3.05958867073
3.05992031097
3.06026816368
3.06121253967
3.06057167053
3.06136608124
3.06158900261
3.06073451042
3.05980968475
3.06152915955
3.06100893021
3.06133913994
3.06103944778
3.06129264832
3.06204843521
3.06186461449
3.06057620049
3.06046962738
3.061460495
3.05931973457
3.06045746803
3.06119132042
3.0619559288
3.06195354462
3.0614991188
3.06187415123
3.06167054176
3.06366372108
3.06162929535
3.06136798859
3.06212615967
3.06126093864
3.06060147285
3.06036925316
3.06108427048
3.05908679962
3.06185698509
3.06063079834
3.06025886536
3.06192541122
3.06186056137
3.06217193604
