0.0
0.512757241726
0.512753903866
0.512767493725
0.512778580189
0.51279014349
0.512784183025
0.512780785561
0.512782990932
0.512792825699
0.512795388699
0.512804508209
0.512824356556
0.512817084789
0.512817025185
0.512816727161
0.5128262043
0.512832462788
0.512838959694
0.512830018997
0.512832224369
0.512830495834
0.512829184532
0.512831032276
0.512828528881
0.512825965881
0.512827455997
0.512823343277
0.512804985046
0.512811601162
0.512789487839
0.51277422905
0.512769401073
0.512784123421
0.512775123119
0.512774407864
0.512775480747
0.512780845165
0.512780308723
0.512774705887
0.512786328793
0.512794077396
0.51279681921
0.512792825699
0.512785732746
0.51278012991
0.512781620026
0.512781858444
0.512784302235
0.51279103756
0.512787699699
0.512807369232
0.51279181242
0.512791574001
0.51280194521
0.512800693512
0.512796461582
0.512787759304
0.512792468071
0.512776196003
0.512783229351
0.512771785259
0.512773096561
0.512769758701
0.512768089771
0.512795746326
0.512790501118
0.512806534767
0.51280516386
0.512806952
0.512812972069
0.512820005417
0.512802481651
0.512806177139
0.512820243835
0.512818872929
0.512820780277
0.512821853161
0.512811899185
0.512805759907
0.51279604435
0.512797951698
0.512811481953
0.512803435326
0.512799084187
0.512800395489
0.512803792953
0.512798190117
0.512796759605
0.512792825699
0.512806653976
0.512805819511
0.512812435627
0.512807190418
0.512812495232
0.51281017065
0.512806594372
0.51281028986
0.512812852859
0.512817502022
0.512815535069
0.512813925743
0.512807846069
0.512804150581
0.512811362743
0.512817919254
0.512824416161
0.512828707695
0.512830018997
0.512838661671
0.512840092182
0.512854039669
0.512846887112
0.512854516506
0.512856602669
0.512855410576
0.51285392046
0.512858450413
0.51280850172
0.512807965279
0.512791395187
0.512793421745
0.512798547745
0.512803554535
0.512798190117
0.512798964977
0.512795984745
0.512792468071
0.512796700001
0.512795507908
0.512829661369
0.512793064117
0.512794911861
0.512787520885
0.512827038765
