3.06194090843
3.06148672104
3.06406712532
3.06235289574
3.06287503242
3.06048679352
3.06345772743
3.06300210953
3.06093239784
3.05792975426
3.06328034401
3.06484913826
3.06313872337
3.06163096428
3.06204104424
3.06265950203
3.06105399132
3.06206536293
3.06098628044
3.0632276535
3.06053590775
3.05910563469
3.0605738163
3.06274175644
3.06012368202
3.05846858025
3.05878353119
3.0590775013
3.05966830254
3.06026792526
3.05876588821
3.06033301353
3.06016731262
3.05810546875
3.06049656868
3.06055116653
3.0596203804
3.05844473839
3.0596382618
3.05926275253
3.05685424805
3.05844521523
3.05705142021
3.05548405647
3.05577969551
3.05570626259
3.05639672279
3.05805659294
3.05806851387
3.05638647079
3.06260704994
3.05784535408
3.05551457405
3.05912041664
3.05996370316
3.05998206139
3.0595407486
3.06000757217
3.05691170692
3.05836391449
3.0567445755
3.05569005013
3.0581946373
3.05732917786
3.05790233612
3.05610585213
3.05836606026
3.05838131905
3.06002402306
3.05664825439
3.05661797523
3.05891489983
3.0574965477
3.05516123772
3.05753874779
3.0586707592
3.05950927734
3.05750751495
3.05942726135
3.0573990345
3.05830144882
3.06001853943
3.05645656586
3.05752491951
3.05851650238
3.05915188789
3.05600380898
3.0580508709
3.05883383751
3.05977296829
3.05896019936
3.05826449394
3.05710196495
3.05719971657
3.05735492706
3.05899143219
3.05796527863
3.05778193474
3.05924773216
3.060338974
3.05983543396
3.05852627754
3.06040811539
3.05968332291
3.06085062027
3.05958414078
3.05854034424
3.06077361107
3.05869579315
3.05760288239
3.06078028679
3.06117129326
3.06177425385
3.06306266785
3.06049108505
3.06098723412
3.06109380722
3.06147527695
3.06260275841
3.06150698662
3.06067037582
3.05938744545
3.06013965607
3.06135416031
3.06196045876
3.06229114532
3.06066250801
3.06212377548
3.05977630615
3.06069612503
3.06164622307
3.06084895134
3.06004881859
3.0605134964
3.06205940247
3.06063365936
3.06048369408
3.06154060364
3.06238865852
3.06213450432
3.0617749691
3.06209635735
3.06048130989
3.06147646904
3.06241369247
3.06302332878
3.06107091904
3.06066799164
3.05984830856
3.06200885773
3.06001210213
3.06136131287
3.0602953434
3.06205463409
3.06332945824
3.05973291397
3.05839085579
3.06148171425
3.06219148636
3.05962848663
3.0617916584
3.06144690514
3.05977106094
3.06117725372
3.06154918671
3.06308436394
3.06272888184
3.06140995026
3.06462025642
3.05897212029
3.06018209457
3.05993366241
3.06002879143
3.06209278107
3.06225728989
3.06183004379
3.06332683563
3.06168842316
3.06199336052
3.06432795525
3.06135702133
3.05923271179
3.06177926064
3.06154561043
3.06080985069
3.06295466423
3.06279850006
3.06273889542
3.06189846992
3.0641078949
3.05990290642
3.0595972538
3.06297850609
3.06154966354
3.06004261971
3.06172084808
3.05957460403
3.06094813347
3.06115698814
3.06007266045
3.06077647209
3.05782985687
3.06140232086
3.0622010231
3.06231927872
3.06320524216
3.06080627441
3.06384253502
3.05877661705
3.06207609177
3.06280064583
3.06278896332
3.06317257881
3.06107616425
3.06163048744
3.06325411797
3.06339168549
