1.01455509663
1.01450383663
1.01456356049
1.01458442211
1.01456105709
1.01458728313
1.01471197605
1.01455354691
1.01456606388
1.01457095146
1.01461684704
1.01459002495
1.01458287239
1.01456165314
1.0146241188
1.01467204094
1.01464962959
1.01461493969
1.01462614536
1.01457977295
1.01462817192
1.01459956169
1.01465308666
1.01464533806
1.01467001438
1.0147343874
1.01473605633
1.01469004154
1.01477575302
1.01471054554
1.01471745968
1.01472353935
1.01473462582
1.01474535465
1.01472842693
1.0147010088
1.01473760605
1.01471853256
1.01471292973
1.01474618912
1.01474308968
1.01474237442
1.01475453377
1.0147870779
1.01471471786
1.01475346088
1.01474118233
1.01467728615
1.01476848125
1.01474368572
1.01476430893
1.01471316814
1.01473045349
1.01472377777
1.01474618912
1.01476979256
1.0147356987
1.01461350918
1.01465153694
1.01463091373
1.01459681988
1.01461625099
1.01462507248
1.01464486122
1.01462900639
1.01458978653
1.01464390755
1.01464295387
1.01466977596
1.0146023035
1.01473939419
1.01464343071
1.01467835903
1.01466107368
1.01474940777
1.01458704472
1.01467859745
1.01465725899
1.01460301876
1.01462256908
1.01467764378
1.0146586895
1.01469957829
1.0146998167
1.01471209526
