-5.37577914368e+11
1.01412796974
1.01407241821
1.0140645504
1.01407527924
1.01404225826
1.0140106678
1.01401185989
1.01401019096
1.01400303841
1.01402628422
1.01400673389
1.01400637627
1.0140093565
1.0140042305
1.01401758194
1.01404428482
1.01405334473
1.0140683651
1.01409423351
1.01408529282
1.01406598091
1.01407504082
1.01406681538
1.0140683651
1.01405060291
1.01405692101
1.01404416561
1.01401126385
1.01399087906
1.01399302483
1.01401853561
1.01402914524
1.01404583454
1.01404762268
1.01405692101
1.01405858994
1.01406896114
1.01408755779
1.01411771774
1.01414835453
1.0141505003
1.01415777206
1.01416957378
1.01419043541
1.01421999931
1.01422178745
1.01423144341
1.01425933838
1.01425564289
1.01422929764
1.01424276829
1.0142390728
1.01424050331
1.0142261982
1.01422536373
1.01423156261
1.01424193382
1.01423454285
1.01422929764
1.01423978806
1.01423239708
1.01422858238
1.01422405243
1.01422548294
1.01421999931
1.01421201229
1.01419186592
1.01418960094
1.01418805122
1.01417970657
1.01416635513
1.01417684555
1.0141723156
1.01417016983
1.0141723156
1.01416873932
1.01417398453
1.01416707039
1.0141723156
1.01417505741
1.01418721676
1.01418042183
1.01417446136
1.01417827606
1.01418864727
1.01417660713
1.01418185234
1.0141916275
1.01418793201
1.01418328285
1.01416897774
1.01417505741
1.01416456699
1.01415944099
1.01413452625
1.01414608955
1.01414525509
1.01413631439
1.01412570477
1.01412642002
1.0141197443
1.01411747932
1.01412570477
1.01412260532
1.01412987709
1.01413965225
1.01413369179
1.0141531229
1.01413869858
1.01412129402
1.01413846016
1.01413714886
1.01416897774
1.01419842243
1.01423740387
1.01427388191
1.01431584358
1.01432430744
1.0143828392
1.01442539692
1.01444709301
1.01448273659
1.01449465752
1.01448345184
1.01447117329
1.01445019245
1.01444125175
1.01445329189
1.01445114613
1.01446080208
1.01446521282
1.01444864273
1.01443600655
1.0144547224
1.01447439194
1.01447951794
1.0144764185
1.01448142529
1.01448082924
1.01448369026
1.01449859142
1.01451361179
1.01452815533
1.0145368576
1.01453101635
1.01454854012
1.0145740509
1.01458525658
1.01460552216
1.01462078094
1.01461756229
1.01461088657
1.01460790634
1.01461100578
1.01461291313
1.01460528374
1.01459515095
1.0145919323
1.01457357407
1.01455760002
1.01456356049
1.0145829916
1.01459133625
1.0145907402
1.01459240913
1.01460278034
1.01460123062
1.01459515095
1.01460421085
1.01461839676
1.01462459564
1.01462161541
1.01463198662
1.01464390755
1.01465213299
1.01465058327
1.01464545727
1.01460886002
1.01456189156
1.01451337337
1.01446032524
1.01441502571
1.01435744762
1.0143020153
1.01427161694
1.01422762871
1.01419234276
1.01418948174
1.01419699192
1.01419842243
1.01419448853
1.01418721676
1.01417529583
1.01417303085
1.01415371895
1.01415383816
1.01416409016
1.01416027546
1.01416194439
1.01415669918
1.01416635513
1.01416945457
1.01419103146
1.01420557499
1.01421511173
1.0142210722
1.01421427727
1.01422011852
1.01420891285
1.0142134428
1.01421654224
1.01422047615
1.01421427727
1.01421129704
1.01421582699
1.01421117783
1.01420068741
1.01419866085
1.01421296597
1.01421809196
1.01420903206
1.01422166824
1.01422834396
1.01422297955
1.01422071457
1.01423561573
1.0142582655
1.01426887512
1.0142635107
