2.0242729187
2.02406740189
2.02313613892
2.02338314056
2.02381086349
2.0225687027
2.02409076691
2.02437233925
2.02504777908
2.02475404739
2.02432560921
2.02357721329
2.02361226082
2.02297520638
2.024340868
2.02472639084
2.02393102646
2.02360391617
2.02434754372
2.0248978138
2.02412605286
2.02332091331
2.02356433868
2.02452397346
2.02460026741
2.02364587784
2.02306509018
2.02366137505
2.02476358414
2.0245757103
2.02350211143
2.023396492
2.02380657196
2.02429556847
2.02517223358
2.02312350273
2.02402234077
2.02395558357
2.02400374413
2.02458190918
2.02387404442
2.02329707146
2.02328372002
2.02397990227
2.02359366417
2.02364015579
2.02313709259
2.023447752
2.02310633659
2.02368879318
2.02372121811
2.02334737778
2.02385640144
2.02349996567
2.02387571335
2.02360057831
2.02375721931
2.02347254753
2.02369761467
2.02346944809
2.02374625206
2.02399611473
2.02390646935
2.02376246452
2.0234401226
2.02435445786
2.0235016346
2.0236749649
2.02383303642
2.02386283875
2.0238237381
2.02321600914
2.02384591103
2.02381467819
2.02337551117
2.02324438095
2.02289319038
2.02389740944
2.02360415459
2.02421879768
2.02400898933
2.02370142937
2.02353143692
2.02435302734
2.02377963066
2.02390050888
2.02400922775
2.02373528481
2.02376794815
2.02351546288
2.02313089371
2.0232656002
2.02355313301
2.02374505997
2.02301216125
2.02303123474
2.02339792252
2.02364635468
2.0233669281
2.02366185188
2.0233502388
2.02332448959
2.02329063416
2.02301192284
2.02344083786
2.02326226234
2.02371287346
2.02423644066
2.02335810661
2.02352595329
2.02425694466
2.02364015579
2.02327442169
2.0236260891
2.02330493927
2.02347373962
2.02346277237
2.0237467289
2.02371025085
2.02317237854
2.0233206749
2.02336192131
2.0230383873
2.02351307869
2.02346229553
2.02372574806
2.02384495735
2.02341222763
2.02324652672
2.02335810661
2.02304959297
2.02332186699
2.0237967968
2.0234875679
2.02379608154
2.02298665047
2.0235042572
2.02317547798
2.02377748489
2.02344107628
2.02361154556
2.0231962204
2.02387309074
2.02365851402
2.02357769012
2.0235812664
2.02290415764
2.02490997314
2.02336883545
2.02311563492
2.02318811417
2.02401638031
2.02413916588
2.02305316925
2.02351856232
2.02360606194
2.02329683304
2.02342414856
2.02372980118
2.02317857742
2.02580499649
2.02460026741
2.02423787117
2.02449703217
2.02469396591
2.02411985397
2.02361750603
2.02324199677
2.02376508713
2.02327871323
2.02367687225
2.02461147308
2.02444720268
2.02415323257
2.02430105209
2.02426719666
2.02408885956
2.02430868149
2.02456307411
2.02479863167
2.02406835556
2.02328276634
2.02336978912
2.02346253395
2.02363371849
2.02333664894
2.02383613586
2.02312231064
2.02394938469
2.02378344536
2.02346658707
2.02303028107
2.0236017704
2.02328228951
2.02348899841
2.02353906631
2.02378511429
2.02321648598
2.02394652367
2.02320718765
2.02390265465
2.02321171761
2.02352452278
2.02379179001
2.02371311188
2.02352976799
2.02373147011
2.02362418175
2.02361798286
2.02407884598
