1.0139580965
1.01394689083
1.01403677464
1.01397824287
1.01394438744
1.01398539543
1.01395368576
1.01399874687
1.01453769207
1.01461601257
1.01455426216
1.01459980011
1.01449787617
1.01461100578
1.01461303234
1.014575243
1.014529109
1.0147023201
1.01457238197
1.01459109783
1.01457905769
1.01459491253
1.01455998421
1.01463198662
1.01461827755
1.01461577415
1.01464426517
1.01461660862
1.01461303234
1.014580369
1.01461648941
1.01460552216
1.01458930969
1.01459264755
1.01463055611
1.01468455791
1.01465654373
1.01464664936
1.01467144489
1.01464295387
1.01472151279
1.01467347145
1.0147588253
1.01470386982
1.01473081112
1.01469957829
1.01469278336
1.01472210884
1.01472234726
1.01475095749
1.01471424103
1.01470029354
1.01469302177
1.01471316814
1.01459896564
1.01455616951
1.01462709904
1.01463961601
1.01461184025
1.01465845108
1.01466715336
1.01467514038
1.01463246346
1.01468813419
1.01468837261
