1.01394081116
1.01391613483
1.01389563084
1.01389789581
1.0139336586
1.01396763325
1.01396667957
1.01404285431
1.01394152641
1.01390039921
1.01388192177
1.01394212246
1.01388669014
1.01386296749
1.01389122009
1.01392817497
1.01387655735
1.01389563084
1.01387929916
1.01392304897
1.01396071911
1.01397669315
1.01395308971
1.01398873329
1.01396334171
1.01394593716
1.01393461227
1.01389431953
1.01389122009
1.01385772228
1.01396048069
1.01385760307
1.01386642456
1.01392531395
1.01385116577
1.01391017437
1.01386940479
1.01390147209
1.01396799088
1.01387858391
1.0138874054
1.01389944553
1.01389884949
1.01389300823
1.01389110088
1.01448905468
1.01446413994
1.01436662674
1.01442635059
1.01440250874
1.01442885399
1.01430463791
1.01440608501
1.01438868046
1.01434993744
1.01440989971
1.01430332661
1.01437544823
1.01435029507
1.01438391209
1.0143853426
1.01435875893
1.01440560818
1.01437592506
1.01436495781
1.01441442966
1.01437091827
1.01439237595
1.01432919502
1.01444041729
1.01432907581
1.01436853409
1.01438188553
1.01434695721
1.01433873177
1.01430702209
1.01434516907
1.0143507719
1.01427006721
1.01433122158
1.01436555386
1.01437354088
1.01436090469
1.01438271999
1.01429355145
1.01435470581
1.01435649395
1.01441085339
1.01446890831
1.0144149065
1.01433742046
1.014321208
1.01438105106
1.01449120045
1.01433861256
1.01435244083
1.01436674595
1.01441967487
1.01438748837
1.01438236237
1.01441466808
1.01440989971
1.01435065269
1.01432847977
1.01441442966
1.01443898678
1.01443481445
1.0144251585
1.01445794106
1.01444125175
1.0144546032
1.0143455267
1.01441979408
1.01441824436
1.01437962055
1.01436936855
1.01440429688
1.01443004608
1.01436603069
1.01438295841
1.01439523697
1.01442909241
1.01453495026
1.0144867897
1.01451659203
1.01446962357
1.01455366611
1.01446557045
1.01450800896
1.01452422142
1.01455140114
1.01448071003
1.01457178593
1.01455831528
1.01447820663
1.01455068588
1.01453614235
1.01458227634
1.01455307007
1.01452434063
1.01452124119
1.01454746723
1.01450765133
1.01452076435
1.01456546783
1.01454567909
1.01456797123
1.0145483017
1.01454746723
1.01456964016
1.01455116272
1.01450741291
1.01459872723
1.01461076736
1.01460194588
1.01454293728
1.01457822323
1.01455175877
1.01461625099
1.0145431757
1.01460433006
1.01464164257
1.01459801197
1.0145663023
1.0145636797
1.01457715034
1.01460123062
1.01458370686
1.0145483017
1.01460778713
1.01455056667
1.01456964016
1.01458227634
1.01450717449
1.01464688778
1.01456987858
1.01450121403
1.0145868063
1.01459813118
1.01460134983
1.01454293728
1.01453721523
1.01464509964
1.0146112442
1.0145611763
1.01455521584
1.01465690136
1.0145791769
1.01455581188
1.01457870007
1.01458227634
1.01462984085
1.01461482048
1.01460886002
1.01463866234
1.01455783844
1.01455068588
1.01437914371
1.01442718506
1.01444399357
1.01441371441
1.01440656185
1.0144110918
1.01446211338
1.01439428329
1.01442027092
1.01438629627
1.01437163353
1.01441013813
1.01446175575
1.01443016529
1.01441442966
1.01438188553
1.01438343525
1.01444041729
1.01441252232
1.01442456245
1.01442062855
1.01444935799
1.01448142529
1.01440930367
1.01443743706
1.01437103748
1.01443564892
1.01444721222
1.0144982338
1.01447081566
1.01447594166
1.01443839073
1.01439762115
1.01444387436
1.01446068287
1.01442205906
1.01446163654
1.01449418068
1.01445019245
1.01442682743
1.01450681686
1.01445353031
1.01447069645
1.0144559145
1.01444792747
1.01441085339
1.01447725296
1.01442587376
1.01446545124
1.0144534111
1.01445960999
1.01447570324
1.01450848579
1.01445305347
1.01450300217
1.01447141171
1.01449942589
1.0144623518
