1.51396822929
1.51468729973
1.51449406147
1.51440656185
1.51421308517
1.51449382305
1.5141967535
1.51456356049
1.51440536976
1.51428365707
1.51458096504
1.51526582241
1.51512563229
1.51519572735
1.51486349106
1.51477599144
1.51496827602
1.51489818096
1.51500356197
1.51481103897
1.51488101482
1.51537084579
1.51482844353
1.51458323002
1.51486349106
1.51468837261
1.51505601406
1.51517820358
1.51507353783
1.51558089256
1.51482844353
1.514793396
1.51481103897
1.51491582394
1.51514327526
1.51502072811
1.51523089409
1.51491582394
1.51479351521
1.5146882534
1.51500356197
1.51503825188
1.51495087147
1.51502108574
1.51528334618
1.51488053799
1.51509046555
1.51517832279
1.51496839523
1.51514363289
1.51509082317
1.51470565796
1.514985919
1.5151257515
1.51479303837
1.51587820053
1.51579105854
1.51542317867
1.51544046402
1.51552820206
1.51584303379
1.51547563076
1.51531767845
1.5158957243
1.51549327374
1.51524794102
1.51542270184
1.51547563076
1.51530563831
1.51556348801
1.51542317867
1.51542294025
1.51565098763
1.51559793949
1.51551055908
1.5153002739
1.51551067829
1.51572084427
1.51579082012
1.51561582088
1.51532042027
1.51579332352
1.51544034481
1.51559841633
1.51551067829
1.51580798626
1.51538801193
1.51539051533
1.51558089256
1.51593053341
1.51593077183
1.51573824883
1.51558029652
1.51581037045
1.51558291912
1.51589524746
1.51544046402
1.51568567753
1.51582562923
1.51561570168
1.5155454874
1.51572096348
1.51561832428
1.51559793949
1.51593089104
1.51567065716
1.51600086689
1.51573777199
1.51587831974
1.51587820053
1.51566815376
1.51591312885
1.51582551003
1.51596558094
1.51607036591
1.51584291458
1.51582574844
1.51582551003
1.51573836803
1.51558029652
1.51561570168
1.51577317715
1.51607072353
1.51580822468
1.51552867889
1.51582610607
1.5155633688
1.51535356045
1.515370965
1.51566839218
1.51554608345
1.51565098763
1.51559865475
1.51556348801
1.51563310623
1.51537084579
1.51594853401
1.51579105854
1.5157558918
1.51573824883
1.51577377319
1.51554632187
1.51561594009
1.51584339142
1.51608860493
1.51582598686
1.51577341557
1.51549327374
1.51568603516
1.51587855816
1.51573848724
1.51566851139
1.51556348801
1.51577341557
1.51568555832
1.51572072506
1.5162460804
1.51579105854
1.51575613022
1.51566839218
1.5158611536
1.51572084427
1.51577341557
1.51572096348
1.51582598686
1.5158611536
1.51598310471
1.51572096348
1.51584339142
1.5161062479
1.515843153
1.51572108269
1.51596593857
1.5160009861
1.51614093781
1.51591336727
1.51614093781
1.51614105701
1.51598346233
1.51608836651
1.51586103439
