2.02405524254
2.02374625206
2.02341246605
2.02256846428
2.02319645882
2.02392721176
2.02352499962
2.02335929871
2.02440929413
2.02429485321
2.02300739288
2.02391028404
2.02491474152
2.02354073524
2.02359819412
2.02479457855
2.02339529991
2.02515053749
2.02396535873
2.02381229401
2.02393531799
2.02311730385
2.02368950844
2.02327537537
2.02356719971
2.02363181114
2.02399277687
2.02372479439
2.02347755432
2.02376079559
2.02388238907
2.02283072472
2.02416777611
2.02350997925
2.02383518219
2.02375531197
2.02321815491
2.02297306061
2.02362799644
2.02326750755
2.02292561531
2.02362298965
2.02350735664
2.02321052551
2.02342295647
2.02368807793
2.02329230309
2.02350521088
2.02336287498
2.02296090126
2.0234503746
2.02345299721
2.02345013618
2.02390003204
2.02354502678
2.02332758904
2.02398252487
2.02348017693
2.02337002754
2.02578878403
2.02446222305
2.02407693863
2.02324032784
2.0244345665
2.02425408363
2.02458643913
2.02473473549
2.0235877037
2.02305793762
2.02339792252
2.02325797081
2.0237326622
2.02315044403
2.02349567413
2.02345561981
2.02358007431
2.02400040627

