0.51216340065
0.51220369339
0.512167990208
0.512017667294
0.512125253677
0.512192070484
0.51211720705
0.512070894241
0.512974798679
0.512951850891
0.512960076332
0.51292181015
0.512822508812
0.512984573841
0.512965202332
0.512888669968
0.512968063354
0.512967884541
0.513009667397
0.51291513443
0.51300907135
0.51295799017
0.5129545331
0.512956976891
0.512878596783
0.512934744358
0.512906074524
0.512970268726
0.512930810452
0.512929618359
0.512964487076
0.512900948524
0.512839376926
0.512910425663
0.512912154198
0.512827455997
0.512917280197
0.512889921665
0.512847959995
0.512832462788
0.513002514839
0.512876689434
0.512970507145
0.51300573349
0.513024508953
0.513059735298
0.512931406498
0.513010561466
0.513092517853
0.513072550297
0.513044297695
0.512919485569
0.512948989868
0.513028681278
0.513095855713
0.51297056675
