3.06153035164
3.0652115345
3.0629825592
3.06271910667
3.06054615974
3.06425881386
3.0618481636
3.0592648983
3.06431937218
3.06498575211
3.06327295303
3.06260585785
3.06178855896
3.06287932396
3.0632019043
3.06200504303
3.06395149231
3.06264042854
3.06454396248
3.06156897545
3.05978107452
3.06201386452
3.06372308731
3.06246709824
3.06091117859
3.06084513664
3.06124353409
3.06207895279
3.06215786934
3.06106352806
3.06150817871
3.0619366169
3.06017994881
3.06214547157
3.06209254265
3.06190919876
3.0614066124
3.06012177467
3.06098532677
3.05999326706
3.05864477158
3.0597383976
3.05848693848
3.05594778061
3.058116436
3.05732250214
3.05836939812
3.05899953842
3.05932474136
3.05941557884
3.05845093727
3.06304192543
3.05864477158
3.05648946762
3.060983181
3.06104302406
3.06130838394
3.06085395813
3.06145715714
3.05856895447
3.05946803093
3.05807638168
3.05743432045
3.06009340286
3.05919647217
3.05864357948
3.05813288689
3.06029438972
3.05986762047
3.06132364273
3.0583486557
3.05781912804
3.05976939201
3.0597281456
3.05818796158
3.05655574799
3.05933022499
3.0598654747
3.06056237221
3.05934810638
3.06043982506
3.05848789215
3.05889773369
3.0606238842
3.05759310722
3.05995368958
3.05771780014
3.06002616882
3.06063294411
3.05743837357
3.05881810188
3.06014871597
3.06033635139
3.06014466286
3.05967831612
3.05791378021
3.05893015862
3.05898928642
3.05776000023
3.06076288223
3.06071233749
3.05939388275
3.06065511703
3.06179475784
3.06096363068
3.06069636345
3.06207680702
3.06133127213
3.06175351143
3.05984950066
3.05854392052
3.06083917618
3.0617723465
3.06064891815
3.05918645859
3.06222891808
3.06220698357
3.06256461143
3.06483435631
3.06230401993
3.06236243248
3.06227350235
3.06297183037
3.06373739243
3.0624704361
3.06220674515
3.06046962738
3.0613117218
3.06124949455
3.06208372116
3.05892920494
3.06276035309
3.06375098228
3.06172609329
3.06291556358
3.06202602386
3.06221222878
3.06352782249
3.06031823158
3.06216454506
3.06283760071
3.06213927269
3.06222653389
3.06188392639
3.06355571747
3.06204366684
3.06219387054
3.06097769737
3.06316375732
3.06323218346
3.06359314919
3.06040287018
3.0624268055
3.06373381615
3.06207847595
3.06220459938
3.06358027458
3.0638589859
3.06179237366
3.06243157387
3.06158995628
3.06187009811
3.06366801262
3.06090307236
3.06211829185
3.06134104729
3.06276369095
3.06395840645
3.06109642982
3.05864715576
3.0622985363
3.06316924095
3.0608921051
3.06290864944
3.05972909927
3.06219911575
3.06147885323
3.06147193909
3.06146121025
3.06264019012
3.06290531158
3.06441020966
3.06418848038
3.06221437454
3.06514430046
3.06080913544
3.059476614
3.06123638153
3.06110668182
3.06159114838
3.06271719933
3.06371545792
3.06256651878
3.06114840508
3.06462073326
3.06469297409
3.0633699894
3.06294798851
3.06372714043
3.06518125534
3.06351232529
3.0602555275
3.06247830391
3.0628092289
3.06195950508
3.06393527985
3.06406736374
3.06334066391
3.06283164024
3.06487584114
3.06330251694
3.062520504
3.06494903564
3.05994105339
3.06620121002
3.06376957893
3.06228613853
3.06273674965
3.06238555908
3.06105709076
3.06337404251
3.06045222282
3.06113910675
3.06211495399
3.06216883659
3.06274724007
3.06148433685
3.06218242645
3.0579226017
3.06255984306
3.06299567223
3.06404519081
3.06438922882
3.06419920921
3.06105279922
3.06273317337
3.06480646133
3.06393861771
3.05918812752
3.06328487396
3.06348752975
3.06404209137
3.06336140633
3.06413269043
3.06260037422
3.06267261505
3.06466889381
3.06489682198
