1.0145881176
1.01452064514
1.01453113556
1.01452791691
1.01454806328
1.01457583904
1.01452684402
1.01457035542
1.01459622383
1.01456010342
1.01457071304
1.01459956169
1.01456165314
1.01456928253
1.01455950737
1.01456296444
1.01456034184
1.01457548141
1.0146843195
1.01452553272
1.0146998167
1.01456987858
1.01458954811
1.01456034184
1.01459467411
1.01461541653
1.01461362839
1.01455068588
1.01461017132
1.01457691193
1.01461291313
1.01458668709
1.01462566853
1.01465213299
1.01464629173
1.0146689415
1.01464033127
1.01467013359
1.01473534107
1.0146998167
1.01467835903
1.01470255852
1.0147151947
1.01470470428
1.01471531391
1.01469159126
1.01472949982
1.01468992233
1.01469695568
1.01471936703
1.01474487782
1.01471424103
1.01473021507
1.01475131512
1.01468229294
1.01473760605
1.01473879814
1.01466584206
1.01472842693
1.01471066475
1.01476824284
1.01473653316
1.01474094391
1.01471793652
1.01473546028
1.01474690437
1.01471316814
1.01460516453
1.01463735104
1.01462316513
1.01464295387
1.01461493969
1.01455402374
1.01462697983
1.01462674141
1.01466417313
1.01462340355
1.01463878155
1.01464247704
1.01460123062
1.01463294029
1.01465940475
1.01465415955
1.0146651268
1.01460635662
1.01464009285
1.01468551159
1.01467335224
1.01464474201
1.0146613121
1.01467013359
1.01466798782
1.01466906071
1.01466095448
1.01468372345
