2.02389216423
2.02446508408
2.02306056023
2.02398657799
2.02455210686
2.02299141884
2.02249288559
2.02368211746
2.022387743
2.02338314056
2.02392244339
2.02335309982
2.02263736725
2.02422142029
2.02383112907
2.02371191978
2.02386164665
2.02425193787
2.02476119995
2.02386021614
2.02356076241
2.0232322216
2.02425146103
2.02356100082
2.02284097672
2.0236530304
2.02339482307
2.02320194244
2.0234708786
2.02359080315
2.02320075035
2.02281165123
2.02311182022
2.02347254753
2.02305364609
2.0231115818
2.02353286743
2.02299237251
2.02233242989
2.0233528614
2.02437233925
2.02338290215
2.02320313454
2.02362346649
2.02392220497
2.02461361885
2.0243139267
2.02386331558
2.02326321602
2.02338290215
2.02305316925
2.02371311188
2.02416300774
2.02335309982
2.02362346649
2.0243434906
2.02365350723
2.02305340767
2.0233232975
2.02398324013
2.02416348457
2.02332305908
2.02293324471
2.0234131813
2.02440285683
2.0243730545
2.02317333221
2.02341246605
2.0238032341
2.02452158928
2.0228433609
2.02368307114
2.02374315262
2.02359366417
2.02395439148
2.02335309982
2.02287316322
2.02326321602
2.02356314659
2.02314281464
2.02279567719
2.02296304703
2.02308344841
2.02329325676
2.02317333221
2.02350234985
2.02299332619
2.02356266975
2.02362275124
2.02341222763
2.02287244797
2.02329277992
2.02332353592
2.02353382111
2.0234131813
2.02320337296
2.02401161194
2.02308320999
2.02338337898
2.02338314056
2.02306389809
2.0233232975
2.02326345444
2.02308297157
2.02356362343
2.02338314056
2.0229036808
2.02260327339
2.0233836174
2.02314352989
2.02338385582
2.02359390259
2.02329277992
2.02299356461
2.02365374565
2.02347326279
2.02338337898
2.02329277992
2.0229640007
2.02338337898
2.02317357063
2.02302312851
2.02299308777
2.02305340767
2.02320361137
2.02284312248
2.02260327339
2.02299308777
2.02296352386
2.02311348915
2.0228433609
2.0228433609
2.02278327942
2.02278327942
2.02302336693
2.02302312851
2.02311396599
2.02359390259
2.02311348915
2.02290320396
2.02350330353
2.02326345444
2.02299308777
2.02302360535
2.02302312851
2.02299308777
2.02278327942
2.02308320999
2.02302360535
2.02314305305
2.02344322205
2.02305316925
2.02305316925
2.02335309982
2.02287316322
2.02293324471
2.02350330353
2.02278327942
2.02329349518
2.02281332016
2.02323317528
2.02260327339
2.02314352989
2.02296352386
2.02281332016
2.02275323868
2.02335357666
2.02299356461
2.02305316925
2.02299332619
2.02275323868
2.0239238739
2.02296328545
2.02302312851
2.02281332016
2.02335333824
2.02320289612
2.02278327942
2.02299332619
2.02293324471
2.02287316322
2.02284312248
2.02332377434
2.02293324471
2.02527165413
2.02380347252
2.02356290817
2.0237429142
2.02383351326
2.02326345444
2.02299356461
2.02281332016
2.02314352989
2.0228433609
2.02290344238
2.02404260635
2.02386283875
2.02329325676
2.02353334427
2.02380299568
2.02344369888
2.02353358269
2.02404260635
2.02389287949
2.02335357666
2.0226931572
2.02284312248
2.02284312248
2.02329325676
2.02311325073
2.02299332619
2.02278327942
2.02332353592
2.0232334137
2.02299308777
2.02272319794
2.02320337296
2.02296328545
2.02296280861
2.02293324471
2.02317333221
2.02302312851
2.02353310585
2.02284312248
2.02305316925
2.02305316925
2.02320337296
2.02323317528
2.02326345444
2.02308344841
2.02329349518
2.02329325676
2.0232334137
2.02353358269
