0.0
0.511778652668
0.511845707893
0.511856913567
0.511799037457
0.511789143085
0.511779308319
0.511703312397
0.511701464653
0.511656105518
0.511657297611
0.511606633663
0.511548995972
0.511505961418
0.51160389185
0.512021660805
0.51219278574
0.512222707272
0.512274682522
0.5123270154
0.512371122837
0.512440383434
0.512525200844
0.512599289417
0.512613236904
0.51257610321
0.512542486191
0.512519955635
0.512530863285
0.512529015541
0.512529850006
0.512551426888
0.512565910816
0.512541115284
0.512541115284
0.512526869774
0.512538552284
0.512546658516
0.512546718121
0.512555480003
0.512562870979
0.512555003166
0.512534022331
0.512571036816
0.512581884861
0.512595057487
0.512598395348
0.512632787228
0.512644648552
0.512650609016
0.512684524059
0.512712538242
0.512723207474
0.512725114822
0.512748599052
0.512784302235
0.512814223766
0.512828886509
0.512821555138
0.512862622738
0.512855887413
0.512879550457
0.512889444828
0.512892782688
0.512909770012
0.512898981571
0.512866735458
0.512855470181
0.512912988663
0.512890517712
