0.512029588223
0.512251794338
0.512218594551
0.512183010578
0.512219905853
0.512154817581
0.512303054333
0.5123924613
0.512270450592
0.512162089348
0.512283205986
0.512279987335
0.512227356434
0.512129664421
0.512189865112
0.512295842171
0.512159228325
0.512137532234
0.512194573879
0.512248158455
0.512153565884
0.512158632278
0.512127518654
0.512189507484
0.512096047401
0.51210039854
0.512085556984
0.512221693993
0.512072265148
0.512101411819
0.512158453465
0.512246012688
0.512141644955
0.512036323547
0.512081801891
0.512121081352
0.511991798878
0.512091934681
0.512213408947
0.512174546719
0.51204675436
0.512083470821
0.512079775333
0.512069165707
0.512056410313
0.512100934982
0.512190401554
0.512169122696
0.512008965015
0.512077391148
0.512073516846
0.512282788754
0.512798011303
0.512630462646
0.512753605843
0.512694358826
0.512811660767
0.51268863678
0.512730896473
0.51277256012
0.512646317482
0.512767255306
0.512736141682
0.512614071369
0.512741327286
0.512843549252
0.512783408165
0.512713313103
0.512617468834
0.512676894665
0.512696623802
0.512764930725
0.512857496738
0.512825906277
0.512822628021
0.512763261795
0.512721121311
0.512738645077
0.512759625912
0.512866020203
0.512827813625
0.512643933296
0.512853980064
0.512843489647
0.512926995754
0.512727081776
0.512919425964
0.512763798237
0.512844502926
0.512752115726
0.512827396393
0.512815892696
0.513015568256
0.51275742054
0.512741327286
0.512874364853
0.512766182423
0.512798607349
0.512751579285
0.512786209583
0.512784719467
0.512753367424
0.512829244137
0.512925386429
0.51277756691
0.512740194798
0.512782216072
0.512784421444
0.512769043446
0.512704908848
0.512776374817
0.512823760509
0.512848556042
0.512909591198
0.512793362141
0.51271378994
0.512798845768
0.512797474861
0.512730836868
0.512836635113
0.512805044651
0.512815415859
0.512675285339
0.512811422348
0.5127825737
0.512762486935
0.512944817543
0.512813389301
0.512829840183
0.5128287673
0.512814640999
0.512840747833
0.512772202492
0.512820780277
0.512814819813
0.51274818182
0.512844145298
0.512745499611
0.512854635715
0.512736678123
0.512787461281
0.512843728065
0.512793183327
0.512779772282
0.512697041035
0.512808740139
0.512918829918
0.512716650963
0.512913525105
0.512777626514
0.51286816597
0.512837767601
0.512819647789
0.512893736362
0.512791574001
0.512766182423
0.512842595577
0.512727320194
0.512915015221
0.512807667255
0.512784361839
0.512760519981
0.51282030344
0.512925505638
0.51286315918
0.512776911259
0.512948095798
0.512824296951
0.51289999485
0.512805581093
0.512777328491
0.512874245644
0.512900114059
0.512866139412
0.512864589691
0.512814819813
0.512809991837
0.512899041176
0.512804746628
0.512899398804
0.51281774044
0.512831449509
0.512761712074
0.512828886509
0.512864410877
0.512780606747
0.51276999712
0.512861073017
0.512891590595
0.512832939625
0.512786507607
0.512856721878
0.512781560421
0.512791275978
0.512957215309
0.512865364552
0.512891352177
0.512816548347
0.512782216072
0.512817323208
0.512814640999
0.512751340866
0.512873411179
0.51291924715
0.512832641602
0.512849271297
0.512897253036
0.512948155403
0.512810051441
0.512874007225
0.51283377409
0.512826919556
0.51289576292
0.512908160686
0.51291936636
0.512946844101
0.512920618057
0.512980699539
0.512855172157
0.512791991234
0.512945175171
0.512974560261
0.512868702412
0.512928545475
0.512833714485
0.512966692448
0.512860238552
0.512835741043
0.512962043285
0.512966990471
0.512845039368
0.512857615948
0.512873709202
0.512929201126
0.512904405594
0.512791097164
0.512923836708
0.512896060944
0.512945890427
0.512943148613
0.512862861156
0.512903392315
0.512897908688
0.51291769743
0.512845635414
0.512861192226
0.512970805168
0.512912929058
0.512915313244
0.513000845909
0.51293104887
0.512816607952
0.512995362282
0.512888967991
0.513002991676
0.512916445732
