0.51220947504
0.512147426605
0.512083947659
0.512126028538
0.512169539928
0.512140512466
0.512105762959
0.512855529785
0.512819349766
0.512799978256
0.51279348135
0.512701034546
0.512862622738
0.512820541859
0.512866079807
0.512795865536
0.512844324112
0.512838542461
0.512778222561
0.512867569923
0.51276487112
0.512862324715
0.512817382812
0.512783229351
0.512781322002
0.512755990028
0.512826919556
0.512865483761
0.512824952602
0.512877941132
0.512825608253
0.512758016586
0.512835979462
0.512841165066
0.512706160545
0.512818515301
0.512779295444
0.512781322002
0.512780547142
0.512850880623
0.512827277184
0.5128210783
0.512830615044
0.512903571129
0.512870252132
0.512834846973
0.51289588213
0.512939333916
0.512915313244
0.512892603874
0.512846589088
0.512857556343
0.512896120548
0.512897491455
0.512905240059
