4.31390789757e-09
4.26005186682e-09
4.21555945707e-09
4.22046309012e-09
4.29826219062e-09
4.37283009802e-09
4.37072822379e-09
4.5402077653e-09
4.31547375612e-09
4.22588586346e-09
4.18594181539e-09
4.3167793784e-09
2.18388640505e-10
4.14516421188e-09
4.20601908857e-09
4.28628688098e-09
4.17438084099e-09
4.21555945707e-09
4.18028767157e-09
4.2751078233e-09
4.35760316719e-09
4.39282343834e-09
4.34083169409e-09
4.41946346186e-09
4.36337632692e-09
4.32513758142e-09
4.30034718946e-09
4.21272172701e-09
4.20601908857e-09
4.1339149881e-09
4.35707825375e-09
4.13365963681e-09
4.15258671893e-09
4.28004565123e-09
4.11987555182e-09
4.24709423186e-09
4.15899092943e-09
4.22821067048e-09
4.37361835637e-09
4.17874623793e-09
4.19777634875e-09
4.22381951637e-09
4.22252810495e-09
4.20988532923e-09
4.20576107274e-09
6.15902717715e-10
5.95464511033e-10
5.18788179082e-10
5.65123170482e-10
5.46388545519e-10
5.67108582317e-10
4.72791750195e-10
5.49178591491e-10
5.3566712177e-10
5.06194475225e-10
5.52162482403e-10
4.71841787864e-10
5.25507304339e-10
5.06462760619e-10
5.3199472605e-10
5.330951236e-10
5.12831832555e-10
5.48806167178e-10
5.25871735046e-10
5.17521803189e-10
5.55716361816e-10
5.2205151313e-10
5.38521893745e-10
4.90758045313e-10
5.76324765689e-10
4.90670004627e-10
5.20237297685e-10
5.3043774928e-10
5.03961927745e-10
4.97825558554e-10
4.74521366645e-10
5.02624719623e-10
5.06820474477e-10
4.48067111192e-10
4.92255680662e-10
5.17973886005e-10
5.24050858264e-10
5.14452924705e-10
5.3107857001e-10
4.64790483878e-10
5.0977688737e-10
5.11123532387e-10
5.5290971801e-10
5.99349403441e-10
5.5609117311e-10
4.96850782739e-10
4.84877860085e-10
5.29797317128e-10
6.17679074555e-10
4.97736907246e-10
5.08073694228e-10
5.18878662259e-10
5.59845669823e-10
5.34747857106e-10
5.30803900833e-10
5.55903767463e-10
5.52162482403e-10
5.06731046013e-10
4.90230023242e-10
5.55716361816e-10
5.7518056984e-10
5.71849900766e-10
5.64178925799e-10
5.90432980285e-10
5.7699267586e-10
5.87732529311e-10
5.02892005816e-10
5.59939650202e-10
5.58717960786e-10
5.28700361269e-10
5.20871901166e-10
5.47782652571e-10
5.6805526949e-10
5.18335707689e-10
5.31261756809e-10
5.40737288279e-10
5.67297875342e-10
6.54454768156e-10
6.14030437607e-10
6.38893493665e-10
5.99933269729e-10
6.7051186825e-10
5.96628635385e-10
6.31682317564e-10
6.45337783212e-10
6.68558319816e-10
6.09019001896e-10
6.86243062376e-10
6.74530764577e-10
6.06961370053e-10
6.67941979504e-10
6.55471676936e-10
6.95433932663e-10
6.69997501923e-10
6.45438757996e-10
6.42816633256e-10
6.6517208408e-10
6.31382779392e-10
6.42413733321e-10
6.8073713333e-10
6.63635646436e-10
6.82916057038e-10
6.65889621221e-10
6.6517208408e-10
6.84370615733e-10
6.68352873046e-10
6.31183105781e-10
7.09970082724e-10
7.20704051993e-10
7.12831627059e-10
6.61283361403e-10
6.91875667869e-10
6.68866573239e-10
7.25619508923e-10
6.61487753462e-10
7.14955039616e-10
7.48598016909e-10
7.09334924132e-10
6.81463108165e-10
6.79182932117e-10
6.90935308967e-10
7.12195247221e-10
6.96692037394e-10
6.65889621221e-10
7.18039627756e-10
6.67839283874e-10
6.84370615733e-10
6.95433932663e-10
6.30983487682e-10
7.53389350905e-10
6.84578560506e-10
6.26002527593e-10
6.99421631722e-10
7.09440728386e-10
7.1230127352e-10
6.61283361403e-10
6.56387610931e-10
7.51754214434e-10
7.21130821724e-10
6.77009892591e-10
6.71850186595e-10
7.62578944435e-10
6.92712109895e-10
6.72365330079e-10
6.92293833371e-10
6.95433932663e-10
7.37873318002e-10
7.24335591507e-10
7.18998249827e-10
7.4588241139e-10
6.74118039168e-10
6.67941979504e-10
5.2833493136e-10
5.65784585849e-10
5.79190084782e-10
5.55154477944e-10
5.49551126827e-10
5.53096624056e-10
5.9381721762e-10
5.39998323834e-10
5.60315793763e-10
5.33829369598e-10
5.2259641059e-10
5.52349277427e-10
5.93526783277e-10
5.68150027025e-10
5.55716361816e-10
5.3043774928e-10
5.31628185918e-10
5.76324765689e-10
5.54218615445e-10
5.63707081014e-10
5.60598067967e-10
5.83501469364e-10
6.09607531121e-10
5.51695689133e-10
5.739423381e-10
5.22142329373e-10
5.72515312935e-10
5.8177501705e-10
6.23519513798e-10
6.00906935322e-10
6.05102801199e-10
5.74704117628e-10
5.42586919838e-10
5.79094494579e-10
5.92655868825e-10
5.61727608872e-10
5.9343002734e-10
6.20150431008e-10
5.84173598384e-10
5.65501090399e-10
6.30684060532e-10
5.86865833707e-10
6.00809568763e-10
5.88792736789e-10
5.82350223599e-10
5.5290971801e-10
6.06178496287e-10
5.64745361586e-10
5.96531657404e-10
5.86769577371e-10
5.91785509485e-10
6.04907346435e-10
6.32081886831e-10
5.86480919385e-10
6.2749477836e-10
6.01394101185e-10
6.24512108693e-10
5.94010951538e-10
