0.0
1.65633139204e-07
1.56930383355e-07
1.45400946394e-07
1.38600299238e-07
1.34311335387e-07
1.32092466743e-07
1.36980730758e-07
1.40863988918e-07
1.4482876054e-07
1.49456255372e-07
1.51221925648e-07
1.5473744952e-07
1.54147159037e-07
1.55328876872e-07
1.58901059422e-07
1.60100810831e-07
1.55930834467e-07
1.52401682385e-07
1.5415650978e-07
1.52988619107e-07
1.5415650978e-07
1.52979296786e-07
1.56524507133e-07
1.57715277282e-07
1.52988619107e-07
1.48912945974e-07
1.48912945974e-07
1.51231191126e-07
1.48912945974e-07
1.42605316e-07
1.43741999636e-07
1.46028909853e-07
1.46028909853e-07
1.47169998854e-07
1.47792604821e-07
1.51231191126e-07
1.5415650978e-07
1.51231191126e-07
1.51231191126e-07
1.54793724505e-07
1.53567341954e-07
1.48949737877e-07
1.46649114185e-07
1.40497363077e-07
1.39275712741e-07
1.32187807367e-07
1.31149647586e-07
1.31642266865e-07
1.32092466743e-07
1.33134349767e-07
1.32135795639e-07
1.34232720939e-07
1.32135795639e-07
1.37537213618e-07
1.38706838015e-07
1.41544887811e-07
1.39952760492e-07
1.45046598732e-07
1.43949989706e-07
1.43389684126e-07
1.45655619121e-07
1.44520427625e-07
1.43904756555e-07
1.41652549246e-07
1.44429805005e-07
1.42074611631e-07
1.42641326306e-07
1.43164072597e-07
1.46530453549e-07
1.45437311971e-07
1.41571803169e-07
1.4156283612e-07
1.42650335988e-07
1.4003303761e-07
1.38822286999e-07
1.36680867513e-07
1.3719258618e-07
1.33874806352e-07
1.33238756916e-07
1.3488865136e-07
1.32604213832e-07
1.3415410649e-07
1.36266919526e-07
1.37369269737e-07
1.41329692838e-07
1.48857736804e-07
1.46548700286e-07
1.47884279045e-07
1.46165618276e-07
1.43407746123e-07
1.40024113193e-07
1.41751272054e-07
1.37829161417e-07
1.33874806352e-07
1.33691685278e-07
1.32560813881e-07
1.33099547384e-07
1.29342737409e-07
1.29883488853e-07
1.30425377165e-07
1.29351306555e-07
1.27190972421e-07
1.24535063151e-07
1.27190972421e-07
1.27727219024e-07
1.28213372363e-07
1.30373734919e-07
1.32005837372e-07
1.2984054365e-07
1.35800860335e-07
1.38626930379e-07
1.38626930379e-07
1.3913337682e-07
1.37510681952e-07
1.36954255936e-07
1.38112540071e-07
1.37554891921e-07
1.36989555699e-07
1.3699838064e-07
1.32049152057e-07
1.28264588284e-07
1.26698282088e-07
1.27233491298e-07
1.27769823166e-07
1.30416779598e-07
1.33090850341e-07
1.33639389333e-07
1.32049152057e-07
1.33735269969e-07
1.33735269969e-07
1.32734470526e-07
1.35475971774e-07
1.34976232857e-07
1.36627988923e-07
1.33378037503e-07
1.30115594743e-07
1.28452526837e-07
1.2957434592e-07
1.30021007294e-07
1.3214446426e-07
1.31599023234e-07
1.32092466743e-07
1.33735269969e-07
1.31650907065e-07
1.34879897473e-07
1.32682359322e-07
1.36539881623e-07
1.34328814738e-07
1.33778883082e-07
1.33778883082e-07
1.35985430916e-07
1.33230045662e-07
1.30012409727e-07
1.28931475274e-07
1.28837328361e-07
1.30959776357e-07
1.28256061771e-07
1.29874891286e-07
1.29385611558e-07
1.32586862378e-07
1.34783590511e-07
1.36945430995e-07
1.41320739999e-07
1.47069400214e-07
1.52876751258e-07
1.54053580559e-07
1.53464583263e-07
1.52280705379e-07
1.5053660718e-07
1.4535548587e-07
1.47069400214e-07
1.47636825432e-07
1.47060248423e-07
1.46530453549e-07
1.4941016957e-07
1.54044215606e-07
1.60578153441e-07
1.64200173458e-07
1.66624346321e-07
1.67862623357e-07
1.61774607932e-07
1.59976806913e-07
1.55808450586e-07
1.49373306613e-07
1.44774318755e-07
1.4317309649e-07
1.38112540071e-07
1.35897522568e-07
1.34241460614e-07
1.31642266865e-07
1.31141021598e-07
1.35528622991e-07
1.34468663759e-07
1.30106997176e-07
1.27369588654e-07
1.32231150474e-07
1.33421579562e-07
1.33962061e-07
1.30692441758e-07
1.3336932625e-07
1.32864812485e-07
1.32873495318e-07
1.34468663759e-07
1.35484739872e-07
1.34468663759e-07
1.33874806352e-07
1.35528622991e-07
1.35528622991e-07
1.38343011713e-07
