3.27418092638e-09
3.26480864565e-09
3.26838556219e-09
3.28664162552e-09
3.28544569328e-09
3.28100546731e-09
3.28203020317e-09
3.29279514766e-09
3.30580496311e-09
3.31043303881e-09
3.30734728493e-09
3.31489302674e-09
3.32175997819e-09
3.31557936661e-09
3.32210325915e-09
3.32743077536e-09
3.32966587635e-09
3.32829008798e-09
3.32760241584e-09
3.32932192926e-09
3.34860938977e-09
3.34947181102e-09
3.35948291408e-09
3.37470118517e-09
3.37972361208e-09
3.39880878997e-09
3.41829609063e-09
3.42875861037e-09
3.44903150484e-09
3.46217099434e-09
3.47041773097e-09
3.05212655149e-09
3.05311464999e-09
3.05426728353e-09
2.65623212314e-09
2.65024513446e-09
2.2809900635e-09
2.28583196815e-09
2.28640195665e-09
2.29010854724e-09
1.94993798885e-09
2.29139240915e-09
1.95204408193e-09
1.95230742683e-09
2.2946746725e-09
1.95494198607e-09
1.95401961278e-09
1.63867042158e-09
1.34678568298e-09
1.34580158129e-09
1.34241451288e-09
1.08664832688e-09
1.08743436478e-09
1.08605890947e-09
8.4553741786e-10
8.41382852279e-10
8.33448587922e-10
8.18545231596e-10
8.11653300126e-10
6.04369887469e-10
5.97502491928e-10
5.94010896027e-10
5.82302261964e-10
4.13779704944e-10
4.14810907845e-10
4.14993012177e-10
4.14022205408e-10
4.21086387981e-10
4.23413470951e-10
5.94664817388e-10
5.97211169406e-10
6.0210075814e-10
6.01588945326e-10
6.03857186476e-10
6.05909489249e-10
6.0532273638e-10
6.06202921194e-10
8.01074817591e-10
8.02762745167e-10
6.06863448382e-10
6.08038730476e-10
6.0642307842e-10
