0.0290628094226
0.366672903299
0.410569816828
0.0292425882071
0.0542323589325
0.0314516946673
0.124499134719
0.0304870400578
0.0202881228179
0.0132729178295
0.00651884870604
5.20477724075
11.3136148453
5.39397764206
4.68994379044
8.91755390167
6.27756643295
3.14673304558
7.33116340637
5.3628487587
5.45892000198
4.1168384552
5.24663448334
4.9076757431
11.8638324738
11.43064785
11.1851911545
11.306681633
7.03252792358
6.72581958771
8.86536693573
0.217303290963
8.22919750214
4.86159658432
6.72074699402
9.69167709351
11.4325008392
5.93155431747
5.28895664215
9.69718742371
5.39652299881
5.33563280106
5.58431053162
4.20206546783
9.29323768616
0.052568051964
2.29834914207
1.31583690643
1.78407168388
1.89489078522
2.07946395874
1.4690772295
2.14828968048
1.70318043232
0.00472814356908
1.83371305466
1.99065220356
1.77513206005
1.70862221718
0.00420047855005
2.16717028618
2.30569982529
1.92477607727
1.95596981049
0.0410247258842
0.0223281048238
22.6770572662
5.006275177
0.0329310633242
0.126932367682
0.0183471012861
5.15050125122
4.94375371933
4.77743768692
4.93511152267
5.12362670898
0.0296113565564
4.7444524765
2.20048904419
0.0294730570167
1.80562198162
2.42472839355
2.22430729866
6.27062511444
1.72149085999
2.32628774643
2.37215590477
2.13994550705
1.52574944496
2.01126670837
1.9823641777
1.56929469109
1.99325609207
1.9961616993
1.8157736063
1.79341566563
1.73060083389
1.72472524643
1.83545219898
2.18304634094
8.68920993805
7.41979789734
0.0202718749642
2.1905837059
6.42592096329
1.60519385338
1.87283754349
0.00410347757861
1.99798440933
1.84939205647
2.99655723572
2.25205755234
2.89075565338
1.91407680511
3.27079176903
2.4898891449
1.83570444584
2.33295059204
2.28986001015
4.75607156754
2.26522779465
1.61021649837
2.79983305931
2.53727006912
3.52285242081
1.73537886143
1.87754356861
0.00501006655395
2.74096632004
1.98110699654
3.21418118477
0.026358557865
4.64230155945
5.24048709869
0.0289187449962
0.0381376817822
4.63089370728
15.0925884247
5.04481935501
4.66800880432
4.53244924545
4.41690969467
0.0425954386592
4.73854255676
4.74981069565
4.7748670578
0.124778106809
3.74042415619
4.70853185654
0.019814485684
0.0220952220261
4.68866729736
4.51395940781
0.0369221903384
4.41914319992
15.2423963547
4.61616802216
15.6677856445
4.80208921432
0.0346263051033
6.63309717178
4.3750371933
14.92973423
4.53729629517
0.0411806851625
4.4317612648
0.0389487594366
1.84916901588
0.0301435515285
0.0491658560932
0.0569808930159
0.0572675131261
0.020512836054
1.93238389492
2.07071757317
2.10047984123
1.85353255272
7.0840845108
1.8022685051
1.97435975075
1.77884435654
1.73580372334
1.92885541916
1.70712077618
1.74881577492
1.80190098286
1.73820054531
1.82674336433
2.21995615959
0.00670038582757
2.00058221817
1.30831980705
0.000755343295168
1.57985591888
2.45734190941
1.74524068832
1.77025985718
1.66518044472
6.28534173965
1.69044601917
1.71704697609
1.8767914772
1.99917590618
1.65320193768
3.0010972023
0.000530096411239
5.1910443306
1.52772712708
1.87732744217
1.69300842285
0.002225255128
1.98796379566
1.50805521011
1.73577260971
1.54682159424
0.00714524509385
1.54786670208
0.00770921446383
1.42138659954
1.74212038517
0.00316795567051
1.49138009548
0.0176939703524
1.53027176857
1.48358714581
1.6797965765
1.51517283916
1.14644777775
1.69190490246
1.67797517776
1.82975900173
1.61767721176
1.72196090221
1.99936282635
1.91089522839
1.71441733837
1.49196755886
1.50451469421
1.4279717207
2.8439438343
1.38970863819
0.0145685225725
1.86209332943
0.0119166774675
1.57652878761
0.00458312826231
1.8363699913
1.4659961462
5.59629917145
1.54074144363
0.000660495192278
