2.53072580253e-11
8.43747380991e-12
1.34081348455e-11
4.63848620971e-12
8.49872255904e-13
3.14085151117e-12
2.16747518371e-12
1.02831163723e-11
2.72004641033e-11
5.67017027948e-13
1.70126673166e-11
3.62412322374e-11
1.47294603181e-08
5.87851017864e-11
1.56868722456e-08
1.61223425721e-08
1.60165622987e-08
1.58470356837e-08
1.57586192984e-08
1.56968269494e-08
1.48638346076e-08
1.46653897914e-08
1.47366963077e-08
1.51681618377e-08
1.54493839943e-08
1.5060200198e-08
1.42672806902e-08
1.44033478477e-08
1.50182906111e-08
1.45736231971e-08
1.49249377301e-08
1.42492497801e-08
1.45189877898e-08
1.54414827591e-08
1.5678411458e-08
1.50797117016e-08
1.46014587088e-08
1.53325512287e-08
1.51569086171e-08
1.53975676653e-08
1.48018886037e-08
1.47854564148e-08
1.5340916093e-08
1.51867638465e-08
1.50499612772e-08
1.51573971152e-08
1.5050447999e-08
1.50182906111e-08
2.48693912686e-11
1.47135503781e-08
1.49108636549e-08
1.49453338594e-08
1.52573615964e-08
1.47719303456e-08
1.45395837592e-08
1.48827350444e-08
1.51011896321e-08
1.42416611837e-08
1.40738150023e-08
1.47531018513e-08
1.46783856181e-08
1.44682790193e-08
1.39909701602e-08
1.42321789909e-08
1.49108636549e-08
1.48168792791e-08
1.44773615318e-08
1.43747493908e-08
1.47371785886e-08
1.469524058e-08
1.46081813313e-08
1.42364458e-08
1.42924472257e-08
1.76356138581e-08
1.76820815767e-08
1.83196853243e-08
1.85002999586e-08
1.80912831382e-08
1.80378751935e-08
1.77762604636e-08
1.79185288829e-08
1.78531642803e-08
1.75139280856e-08
1.76013301711e-08
1.76440568822e-08
1.70184293324e-08
1.60971254104e-08
1.71852363451e-08
1.67998592815e-08
1.72326704018e-08
1.66134199731e-08
1.73931855585e-08
1.71550365025e-08
1.70142815392e-08
1.63369815454e-08
1.72718159774e-08
1.67761768921e-08
1.70137646194e-08
1.67221791969e-08
1.68663660816e-08
1.74367098538e-08
1.66564699811e-08
1.6487664567e-08
1.65719598044e-08
1.67304019527e-08
1.66185429862e-08
1.63913718154e-08
1.69733596067e-08
1.65801452567e-08
1.66498050902e-08
1.67612537183e-08
1.69350720114e-08
1.69702527586e-08
1.62720361629e-08
1.68756564278e-08
1.7246236439e-08
1.69174949605e-08
1.69123275384e-08
1.63593352198e-08
1.71753384848e-08
1.71899241508e-08
1.70256857501e-08
1.67016320773e-08
1.65387259443e-08
1.74519279028e-08
1.62842024309e-08
1.74414296339e-08
1.73884693311e-08
1.77233214771e-08
1.75755072718e-08
1.77439574145e-08
1.74655809815e-08
1.77344308128e-08
1.77106258548e-08
1.76778538474e-08
1.7596057944e-08
1.76799694884e-08
1.78329937484e-08
1.77587811123e-08
1.73387260105e-08
1.77212058361e-08
1.78181398525e-08
1.74540275566e-08
1.76646484107e-08
1.75344414544e-08
1.78361769798e-08
1.78361769798e-08
1.72107696983e-08
1.78298105169e-08
1.80266699346e-08
1.78351164948e-08
1.75465455499e-08
1.79888104412e-08
1.74708318923e-08
1.72092065043e-08
1.7992542567e-08
1.80112031956e-08
1.78552870267e-08
1.76989924938e-08
1.76050196643e-08
1.79904091624e-08
1.7508668293e-08
1.76182037848e-08
1.78112458116e-08
1.76752124048e-08
1.81726136361e-08
1.81533348353e-08
1.75433889638e-08
1.79850800919e-08
1.82385626601e-08
1.74204473069e-08
1.76408914143e-08
1.79914749765e-08
1.81265757959e-08
1.78022290243e-08
1.74335603731e-08
1.76266432561e-08
1.807204697e-08
1.78446697419e-08
1.76641208327e-08
1.81051813541e-08
1.83632735684e-08
1.81233659191e-08
1.80480164147e-08
1.79164008074e-08
1.84203958753e-08
1.79339583184e-08
1.82938784121e-08
1.81335320093e-08
1.83110788754e-08
1.8464106688e-08
1.81806498745e-08
1.80635026936e-08
1.78335231027e-08
1.81544059785e-08
1.78829093755e-08
1.78430781261e-08
1.78664389949e-08
1.78085937108e-08
1.8146911529e-08
1.78552870267e-08
1.77561343406e-08
1.76477517044e-08
1.74934235986e-08
1.74871175318e-08
1.77058669948e-08
1.78276895468e-08
1.74398575581e-08
1.77985182148e-08
1.74949992271e-08
1.80795272087e-08
1.78441386112e-08
1.85581772172e-08
1.80202697209e-08
1.78367081105e-08
1.78314021326e-08
1.78568821951e-08
1.76873662383e-08
1.78510397575e-08
1.81196195825e-08
1.81811845579e-08
1.8256811174e-08
1.76789107798e-08
1.77746706242e-08
1.75597065777e-08
1.82514430236e-08
1.76995236245e-08
1.79850800919e-08
1.75254974977e-08
1.75886789577e-08
1.78324626177e-08
1.82203194754e-08
1.85002999586e-08
1.8033073701e-08
1.76034404831e-08
1.80651031911e-08
1.81956547607e-08
1.76651759887e-08
1.7804881125e-08
1.78303398712e-08
1.84139246073e-08
1.86199393681e-08
1.83428188194e-08
1.81983352832e-08
1.80416126483e-08
1.88058422168e-08
1.82944148719e-08
1.763086388e-08
1.81983352832e-08
1.84047603824e-08
1.89751485635e-08
1.82069133103e-08
1.80640356007e-08
1.85765873795e-08
1.87002768826e-08
1.8678544933e-08
1.83465864723e-08
