2.99134850223e-09
2.98776381413e-09
3.00848790324e-09
3.15958192942e-09
3.0026061637e-09
2.94281043978e-09
3.00080982285e-09
3.04866998313e-09
2.96370306074e-09
3.03322167383e-09
2.9836926263e-09
2.54078091899e-09
2.96889712814e-09
3.09923109398e-09
3.06234304581e-09
2.60669974494e-09
2.99901437018e-09
2.8232816085e-09
3.02846370204e-09
3.07770031682e-09
3.11451375801e-09
3.37314309817e-09
3.15489323555e-09
3.20683035682e-09
3.0743942947e-09
3.23168714012e-09
3.16494497277e-09
3.01977753914e-09
3.18139714572e-09
3.2031186592e-09
3.12250225676e-09
2.21626628161e-09
2.83294920855e-09
2.83659895572e-09
1.4752692401e-09
3.17736414956e-09
1.37040301329e-09
3.24525495365e-09
2.58801780006e-09
2.62331134593e-09
1.28217636508e-09
2.71274624986e-09
1.2182187481e-09
3.170312457e-09
3.06844838427e-09
1.83087156547e-09
1.36236111281e-09
1.23942611729e-09
1.18331389132e-09
2.67145994215e-09
1.04414088486e-09
1.51932011416e-09
1.18567300422e-09
2.70716093986e-09
1.40593447995e-09
1.05485753465e-09
9.33142452197e-10
1.90779236853e-09
1.39600653259e-09
1.8335504226e-09
1.41544886922e-09
9.00119867531e-10
1.30953292654e-09
1.12680031972e-09
8.70064076341e-10
1.66082214648e-09
1.27003974004e-09
8.80468087328e-10
1.60578139674e-09
2.6309490142e-09
1.48524481602e-09
1.41018408062e-09
1.81801462773e-09
8.94941343255e-10
9.74187175373e-10
1.2761007806e-09
1.08674658161e-09
2.28155938586e-09
1.02392017087e-09
1.43085143733e-09
1.09856801433e-09
1.46932277456e-09
