0.0
3.2733282751e-09
3.26889670887e-09
3.25408944235e-09
3.25595950201e-09
3.2588511889e-09
3.25323923356e-09
3.25476956498e-09
3.26055271671e-09
3.2603824085e-09
3.25578941585e-09
3.26838556219e-09
3.27656901611e-09
3.27418092638e-09
3.27639804176e-09
3.27793370225e-09
3.28442073538e-09
3.28322524723e-09
3.29484750594e-09
3.29040150682e-09
3.31111893459e-09
3.31506444518e-09
3.32588379059e-09
3.31678062793e-09
3.32210325915e-09
3.3248523934e-09
3.33258975971e-09
3.31969918221e-09
3.31249117025e-09
3.31695226841e-09
3.29861227222e-09
3.30683325167e-09
3.29553184741e-09
3.30015259564e-09
3.29467630955e-09
3.3023790369e-09
3.3491267537e-09
3.41428973982e-09
3.42701378386e-09
3.43190076357e-09
3.42631611971e-09
3.43207506859e-09
3.44728157131e-09
3.45025674697e-09
3.46392492467e-09
3.46497719406e-09
3.47480799689e-09
3.48254225457e-09
3.47638939857e-09
3.4827181139e-09
3.49257422982e-09
3.49574524883e-09
3.4959213302e-09
3.5042082569e-09
3.50438456032e-09
3.50950268846e-09
3.50703155405e-09
3.50138606997e-09
3.50826701023e-09
3.50756090839e-09
3.51073881077e-09
3.50667850313e-09
3.50473761124e-09
3.50473761124e-09
1.64253322055e-09
1.6439830608e-09
1.64470803643e-09
4.81188089374e-10
4.84265572087e-10
4.8308579359e-10
4.80077366749e-10
4.48740267167e-10
4.16512185852e-10
4.15964956924e-10
4.18643703037e-10
4.20230628073e-10
4.21086387981e-10
4.2414971535e-10
4.23842849706e-10
4.22861745619e-10
4.21208706802e-10
4.23106910619e-10
4.27347324194e-10
4.31608887519e-10
4.27901991618e-10
4.28271973441e-10
4.32228253189e-10
4.35518371367e-10
4.35207425653e-10
4.379473173e-10
4.39258018847e-10
4.39382974449e-10
4.39820346809e-10
4.39070640956e-10
4.43264619454e-10
