3.08862183829e-07
3.17655803883e-07
3.36318038308e-07
1.92752523276e-07
1.94231247974e-07
2.29070749924e-07
2.50572043115e-07
1.74819874132e-07
1.1988447568e-07
2.35679095795e-07
3.28729072407e-07
2.20055255795e-07
1.30597641146e-07
2.65343743422e-07
2.75122147286e-07
1.83201933623e-07
2.41466693751e-07
2.64288587459e-07
2.15958692706e-07
2.75998218058e-07
2.93295698839e-07
3.04281485342e-07
2.94471846018e-07
3.30974728513e-07
2.92637537314e-07
2.17056992824e-07
3.09153762146e-07
3.2103756098e-07
2.39420813841e-07
3.10959251237e-07
2.26000139492e-07
2.09220289094e-07
2.90513327172e-07
2.57941337622e-07
2.38197443991e-07
2.24235449764e-07
1.69311419995e-07
2.22264063154e-07
1.96190555357e-07
1.94168208623e-07
2.95844870379e-07
2.44051051368e-07
2.1654632576e-07
2.19954614522e-07
2.33312292153e-07
2.04697442996e-07
2.52185827776e-07
3.21226679034e-07
1.96549777343e-07
1.98127878548e-07
1.30726917291e-07
1.7392383711e-07
2.50834688131e-07
2.72601823781e-07
2.96091315022e-07
2.79541723103e-07
2.21713634119e-07
1.43615480397e-07
2.61696527559e-07
2.49356219229e-07
2.53120560956e-07
1.46165618276e-07
1.74481101567e-07
2.42686667207e-07
3.33971655664e-07
2.99317434838e-07
1.46430068071e-07
2.85599639938e-07
2.8407271202e-07
3.30385205416e-07
2.14984794411e-07
2.58632013583e-07
3.02875889702e-07
2.66499426971e-07
1.9543094254e-07
2.4274541488e-07
1.33256165213e-07
2.22398952587e-07
1.6969424621e-07
1.88091632936e-07
1.27378100956e-07
2.22061785848e-07
3.48891177282e-07
3.50907896518e-07
2.17479282583e-07
2.37592743701e-07
2.41209022533e-07
2.62147977992e-07
3.93225093376e-07
2.56128231513e-07
2.31611011259e-07
2.02073891842e-07
1.50065204707e-07
2.42287484298e-07
2.61464833784e-07
1.50684655864e-07
1.85494954508e-07
1.9514646965e-07
2.33024493923e-07
1.53380540269e-07
2.09547579288e-07
1.63341468351e-07
1.80892769208e-07
1.53960002081e-07
2.39619168951e-07
1.4569201312e-07
1.91467165678e-07
1.18887690803e-07
2.52353459018e-07
2.1542720674e-07
1.8157281545e-07
1.72861561509e-07
2.55537315752e-07
2.44887985446e-07
1.85402527109e-07
1.68635196474e-07
2.29356132309e-07
2.71420532272e-07
2.03749294769e-07
2.05161541089e-07
1.51147744987e-07
2.25365880624e-07
1.41607685578e-07
1.87358196513e-07
2.04115366387e-07
1.72316788394e-07
1.23594517731e-07
1.46612592289e-07
1.45391851447e-07
2.32472373796e-07
1.8680132996e-07
1.94999046244e-07
1.4254229086e-07
1.23000120311e-07
1.9067512369e-07
1.31849958507e-07
2.02749674827e-07
1.69605868905e-07
1.8706934668e-07
1.41634600936e-07
1.81298602797e-07
1.45901395854e-07
1.32387256713e-07
1.55498057097e-07
1.39329088711e-07
2.09351185276e-07
1.23921623185e-07
1.4114152691e-07
1.3911558483e-07
1.49308817754e-07
1.53819712523e-07
1.37395787192e-07
1.31339675136e-07
1.3537946586e-07
1.24291190673e-07
1.34092985604e-07
1.52001717879e-07
1.50037507751e-07
2.16246874629e-07
1.22057059571e-07
1.50684655864e-07
1.3822774747e-07
1.61534956078e-07
1.48159458035e-07
1.5491568206e-07
1.80143160833e-07
1.47636825432e-07
1.5676985754e-07
1.53511294343e-07
1.96792967699e-07
1.2820483164e-07
2.5059591735e-07
1.35739369966e-07
1.36020602781e-07
1.29214143385e-07
1.60702370522e-07
1.65739891145e-07
1.2443412345e-07
1.5121264596e-07
1.54662430418e-07
1.84408094128e-07
1.47609341639e-07
2.54766575836e-07
1.38316408993e-07
3.10201897946e-07
3.12570051619e-07
2.18180318257e-07
2.39549166281e-07
2.00405423811e-07
2.5499525691e-07
2.4917767405e-07
1.91310718378e-07
2.05021194688e-07
2.24359666845e-07
2.41548718805e-07
2.45194854642e-07
2.3710489927e-07
2.85714349957e-07
2.86747535938e-07
2.367103491e-07
2.75497427538e-07
2.96428709134e-07
3.00780129692e-07
1.96835287625e-07
2.19060979134e-07
1.83794284681e-07
1.45564627019e-07
1.49124630866e-07
1.45764815329e-07
2.16901497652e-07
2.08229067766e-07
1.77059973794e-07
1.58037366305e-07
1.61745845162e-07
2.23074096084e-07
1.731392274e-07
1.44547627201e-07
2.14388251152e-07
2.32334457451e-07
1.94946423449e-07
2.0596145589e-07
1.39845738545e-07
1.57999451744e-07
1.80558288321e-07
2.11275533957e-07
1.80771110081e-07
1.41625633887e-07
1.61995245662e-07
2.34915802366e-07
1.83344837978e-07
1.92030924495e-07
1.45437311971e-07
2.30247607647e-07
2.19507569454e-07
