6.02173866326e-10
4.91242324596e-10
6.00273941664e-10
5.73276148774e-10
5.7014076793e-10
6.04809591298e-10
5.09507769308e-10
5.8029037131e-10
4.86629458951e-10
5.40922140413e-10
4.82300088755e-10
5.73704361795e-10
4.26300633682e-10
4.69686345372e-10
4.96275243123e-10
6.32081886831e-10
5.10854081259e-10
5.7071020132e-10
5.25507304339e-10
5.45088918447e-10
6.52017329017e-10
6.63175125926e-10
6.14966189083e-10
6.69946098597e-10
5.78998848866e-10
5.44393308211e-10
5.49271683692e-10
4.72791750195e-10
5.2168841469e-10
4.49245474154e-10
5.98377014605e-10
3.91358445651e-10
5.05345543189e-10
5.66162727811e-10
4.47856862706e-10
5.23868948221e-10
4.96408025796e-10
5.59939650202e-10
7.11453063129e-10
4.55457171977e-10
5.05077590862e-10
4.9680648484e-10
6.17333462127e-10
5.46063472218e-10
1.21728271907e-09
1.35994215889e-09
1.07684638984e-09
1.16686604823e-09
1.24299592841e-09
1.20752829957e-09
9.7121288789e-10
1.15751896956e-09
1.20152920946e-09
1.13752995912e-09
1.16218790147e-09
9.89314519195e-10
1.1309055914e-09
1.11831288674e-09
1.09985254237e-09
1.11831288674e-09
1.14195697343e-09
1.20173582197e-09
1.20173582197e-09
1.09471898213e-09
1.14175546795e-09
1.2222788337e-09
1.218322776e-09
1.05679431872e-09
1.24278587421e-09
1.05176245491e-09
1.16381404514e-09
1.11731646157e-09
1.03693076348e-09
1.11015552307e-09
9.76048464274e-10
1.09255071656e-09
1.11373310574e-09
9.69541780194e-10
1.02888508824e-09
1.09570530427e-09
1.07586861642e-09
1.12390097229e-09
1.07137665406e-09
8.74905703441e-10
1.06436470748e-09
1.0894007918e-09
1.23125576401e-09
1.229792157e-09
1.07352382539e-09
1.04096531395e-09
1.03175490374e-09
1.07098652169e-09
1.27216481793e-09
1.04577857485e-09
1.08389930364e-09
1.2160353835e-09
1.20525101011e-09
1.09886433286e-09
1.17502452213e-09
1.14578713184e-09
1.14498022175e-09
1.13933995571e-09
1.07098652169e-09
1.13612319552e-09
1.03769859372e-09
1.23963583842e-09
1.21395771213e-09
1.18157172935e-09
1.16300080677e-09
1.15528941969e-09
1.0741098011e-09
1.1611720474e-09
9.92692039681e-10
1.04231190345e-09
1.15265719192e-09
1.11691800253e-09
1.2262413307e-09
8.94941343255e-10
9.90439730231e-10
1.11771503164e-09
1.28281674172e-09
1.39622924333e-09
1.30726918179e-09
1.49779022518e-09
1.4536003512e-09
1.56236945603e-09
1.22603271979e-09
1.40336542387e-09
1.44588407913e-09
1.44090217535e-09
1.32977806544e-09
1.48398160427e-09
1.54381263329e-09
1.27173960252e-09
1.37758349172e-09
1.33499966637e-09
1.30253230424e-09
1.48306322778e-09
1.49295009688e-09
1.39689759759e-09
1.29866306597e-09
1.29758925826e-09
1.39422551282e-09
1.50032886115e-09
1.5633121464e-09
1.54943846642e-09
1.47985146359e-09
1.43457412616e-09
1.50911494412e-09
1.49917467329e-09
1.3520405906e-09
1.58981849907e-09
1.60506496982e-09
1.61463109549e-09
1.49894385792e-09
1.54568680077e-09
1.47252321447e-09
1.65124125484e-09
1.55789636747e-09
1.62470603637e-09
1.65924363138e-09
1.61606839022e-09
1.47366707726e-09
1.50494983142e-09
1.37559330593e-09
1.46863754491e-09
1.5673209397e-09
1.35072597551e-09
1.50564360979e-09
1.58269675143e-09
1.61990443281e-09
1.44248646361e-09
1.36808719908e-09
1.68190017469e-09
1.56519808225e-09
1.51676560201e-09
1.58601820566e-09
1.55954371639e-09
1.53889856414e-09
1.49986723041e-09
1.50518109088e-09
1.62855229302e-09
1.62374502732e-09
1.50448742353e-09
1.61008362198e-09
1.7637843408e-09
1.52048196256e-09
1.51862322717e-09
1.67164915243e-09
1.66215841091e-09
1.69463532096e-09
1.57559087999e-09
1.60291646623e-09
1.63746416426e-09
1.38933353711e-09
1.38267652883e-09
1.14239853133e-08
1.07235242908e-09
1.01118136087e-09
1.12330156288e-09
1.11253994906e-09
1.04269681778e-09
1.09333897491e-09
1.02182329265e-09
1.14235976234e-09
1.05137587525e-09
1.03118069639e-09
1.04365938114e-09
1.14679610252e-09
1.11612141751e-09
1.03520403361e-09
9.79962888614e-10
9.19898157647e-10
1.01896735494e-09
1.03386210704e-09
1.00512520529e-09
1.0935360395e-09
1.01858677048e-09
1.1787051335e-09
1.08429176748e-09
1.07469588784e-09
1.00418062754e-09
9.14122333384e-10
1.10420561583e-09
1.16808807071e-09
1.04654973576e-09
1.0417346985e-09
1.1081704443e-09
1.02716513073e-09
1.12010756226e-09
1.09965481165e-09
1.01554542553e-09
1.08213382699e-09
1.18423681972e-09
1.04269681778e-09
9.93443327602e-10
1.18813714423e-09
1.08900732876e-09
1.11253994906e-09
1.09688935712e-09
1.17298226687e-09
1.03712272104e-09
1.15650533594e-09
1.11632059152e-09
1.14235976234e-09
1.14598885936e-09
1.1625942431e-09
1.18916465564e-09
1.1825964652e-09
1.17645515552e-09
1.2346044187e-09
1.13130649293e-09
