1.42998113351e-10
2.42041098275e-09
1.59823834722e-10
1.42179615303e-10
1.38402678207e-10
1.47777262649e-10
1.36759728542e-10
1.59108781705e-10
3.26770388526e-09
3.38509664743e-09
3.25459925676e-09
3.29844107583e-09
3.13216874659e-09
3.33740901581e-09
3.32605543107e-09
3.23982440875e-09
3.20176929414e-09
3.46094330972e-09
3.2646381154e-09
3.30614757793e-09
3.25391935618e-09
3.28168847652e-09
3.25136961798e-09
3.36553140912e-09
3.36190164596e-09
3.38683103784e-09
3.37799122008e-09
3.32777427836e-09
3.36639605081e-09
3.30751870337e-09
3.34516103706e-09
3.34688476933e-09
3.30751870337e-09
3.30563354467e-09
3.38301608949e-09
3.45358386333e-09
3.37175842802e-09
3.40767547513e-09
3.42823502919e-09
3.42893313743e-09
3.50473761124e-09
3.43696537897e-09
3.60119489784e-09
3.47726802907e-09
3.52523366054e-09
3.46480200086e-09
4.61455429424e-10
4.76427564067e-10
4.75777306441e-10
4.88669604781e-10
4.75062489347e-10
4.58579063611e-10
3.4534084481e-09
3.5042082569e-09
4.08160977239e-10
3.69160785274e-10
4.14628831269e-10
4.20413925895e-10
4.01146837969e-10
3.41986439167e-09
3.44238393346e-09
4.32538116435e-10
4.11358336283e-10
4.34834473984e-10
4.58004828507e-10
