0.0
9.5125507471e-10
6.2289950975e-10
4.72791750195e-10
3.9165329313e-10
3.48166995234e-10
3.11169395806e-10
2.886704209e-10
4.49245474154e-10
6.24015672468e-10
8.72087124737e-10
9.1376195499e-10
1.20245913227e-09
1.52129553399e-09
1.91026661156e-09
2.32662089594e-09
2.76671907606e-09
3.2933080707e-09
3.29912586139e-09
3.2999816213e-09
3.30272142968e-09
3.30272142968e-09
3.31111893459e-09
3.31643756901e-09
3.31557936661e-09
3.32107297218e-09
3.33672023345e-09
3.32416494331e-09
3.33018168597e-09
3.32829008798e-09
3.33362226712e-09
3.33448268997e-09
3.34085314968e-09
3.33534333485e-09
3.33207395009e-09
3.34688476933e-09
3.34412675329e-09
3.34964389559e-09
3.3610376704e-09
3.36691474701e-09
3.38509664743e-09
3.3968978741e-09
3.4160314577e-09
3.43766437538e-09
3.4534084481e-09
3.4548097716e-09
3.03387825973e-09
2.64395860761e-09
2.27700636124e-09
1.94599181214e-09
1.6289131155e-09
1.34208688607e-09
1.33739630481e-09
1.33761435261e-09
1.06271247358e-09
8.25466250909e-10
8.19739387481e-10
8.12587552801e-10
8.06905597894e-10
1.02449249084e-09
1.27195221022e-09
1.27322807852e-09
1.01146568898e-09
7.87468368291e-10
7.94845078644e-10
