8.28397261898e-08
9.11097330913e-08
8.08447140344e-08
8.08413176401e-08
9.53793701797e-08
8.89884574917e-08
6.21487075136e-08
7.69110926058e-08
6.84152325903e-08
6.41618314035e-08
8.03539776939e-08
8.2342964447e-08
8.33310949133e-08
7.59323413035e-08
8.33414190993e-08
7.83692755135e-08
7.93333398974e-08
7.07388991827e-08
7.7862843284e-08
7.30659053261e-08
8.23258616833e-08
3.8829941218e-07
1.13511887889e-07
9.92616904227e-08
9.86991182117e-08
9.0635374761e-08
9.32778334573e-08
9.22213629906e-08
8.39136760078e-08
9.65240829487e-08
1.12342149805e-07
8.95904577192e-08
9.22177392226e-08
8.64709974735e-08
9.43513072116e-08
1.00365184608e-07
9.38868396361e-08
9.48976861537e-08
1.00996864205e-07
4.11592310456e-07
3.96010847226e-07
3.88314305155e-07
3.89436792148e-07
3.97106845185e-07
3.94908852286e-07
4.03745048061e-07
3.92716941633e-07
4.09339264706e-07
4.04730343462e-07
4.19461031242e-07
4.05982689244e-07
4.21571428433e-07
4.03745048061e-07
4.11722311355e-07
3.98196874585e-07
4.10453537825e-07
4.09499449461e-07
4.28581870437e-07
4.10430629927e-07
4.11576991155e-07
4.27435452366e-07
4.27279587711e-07
4.13675138589e-07
4.10453537825e-07
1.09436406603e-07
1.0713766585e-07
1.10594925218e-07
1.10598897152e-07
1.2624042256e-07
1.182883409e-07
1.17682319001e-07
1.20090945188e-07
1.13515909561e-07
1.18887690803e-07
1.18276041405e-07
1.20103337053e-07
1.23154862308e-07
1.17086017326e-07
1.29351306555e-07
1.33177849193e-07
1.24994031125e-07
1.25622790392e-07
1.27484497625e-07
1.26244657395e-07
