3.75647263295e-10
2.20925795019e-11
4.02611832762e-10
3.89051180161e-10
4.24534130072e-10
4.14052792053e-10
3.98717531214e-10
4.25250612501e-10
4.13933914922e-10
3.94629801059e-10
4.06037259371e-10
4.45279701999e-10
3.74329678365e-10
3.87895604526e-10
4.04765165829e-10
4.25109836222e-10
4.15409318055e-10
3.95593835467e-10
3.85752346732e-10
4.23937357441e-10
3.82096382312e-10
4.06977479495e-10
4.65840588326e-10
4.41155834086e-10
4.12390482873e-10
4.3412956563e-10
4.7825571281e-10
4.03844152563e-10
3.83988757457e-10
4.25191382103e-10
4.66027272328e-10
4.36031155626e-10
3.71816605282e-10
3.94695859329e-10
1.27893273749e-09
9.71355218482e-10
1.97355820575e-09
2.08421363501e-10
8.92282081555e-10
8.07163391681e-10
8.45940151262e-10
8.33488389418e-10
8.92627693982e-10
8.81106465567e-10
1.98945104835e-09
8.36825442274e-10
1.96782967699e-09
8.70396033026e-10
1.96944266451e-10
8.42526270972e-10
8.66830496271e-10
8.02277966283e-10
1.93788474157e-09
8.1148665565e-10
7.91225585051e-10
1.99868899209e-09
8.37849178925e-10
8.53745962814e-10
8.31690494252e-10
2.0100294762e-09
1.88864301975e-09
8.41791858441e-10
8.70052252466e-10
1.91060722798e-09
1.92691018697e-09
8.63575932986e-10
2.02591077247e-09
1.95633509392e-09
8.52193204892e-10
2.02798799975e-09
1.87218929248e-09
2.0681056867e-09
1.946026007e-09
1.98995731004e-09
8.30820301445e-10
1.93817428773e-09
8.14486589285e-10
9.50990508564e-10
8.66912708286e-10
1.93271509907e-09
8.79843364832e-10
1.95526306257e-09
1.96700122856e-09
8.52518999839e-10
7.95855159552e-10
8.534641327e-10
8.90108875495e-10
8.88041418179e-10
1.96684046827e-09
1.84060666708e-09
1.9129235973e-09
8.58894455558e-10
1.86331883256e-09
1.92342652916e-09
7.95248755736e-10
8.68908778262e-10
1.87812720931e-09
8.36003155591e-10
8.78937089777e-10
2.03818029121e-09
8.14128819915e-10
1.95777705159e-09
9.54269996356e-10
1.96879090808e-09
3.45061623719e-09
1.85686110932e-09
8.26808177479e-10
8.19267431673e-10
8.84388950961e-10
1.91908600122e-09
8.2359830067e-10
9.34651134266e-10
7.9781659057e-10
9.18786269288e-10
7.8441753093e-10
8.62545035396e-10
8.56515747216e-10
1.99462468764e-09
8.91538398662e-10
8.41152592024e-10
1.96076355152e-09
9.15058695483e-10
8.05683852967e-10
2.03531369536e-09
8.09349698372e-10
9.20890863565e-10
8.68508209795e-10
8.80083672605e-10
8.20463919027e-10
8.36537950022e-10
1.89800797301e-09
2.07381800621e-09
8.50674475306e-10
2.00337169076e-09
8.16878176213e-10
2.08432959781e-09
8.97697527424e-10
9.17304010528e-10
1.90342275275e-09
8.57826865097e-10
1.92124427478e-09
7.91261445254e-10
8.84178619209e-10
2.06534545022e-09
2.07667216756e-09
2.04218175703e-09
1.86370852084e-09
9.47129374929e-10
2.10423189984e-09
2.00485517077e-09
1.95522664725e-09
8.68092486783e-10
9.16438480658e-10
9.08071950967e-10
7.82191700299e-10
1.90338589334e-09
9.16792197714e-10
2.04755079558e-09
8.68430605205e-10
2.08121875289e-09
1.97925120737e-09
8.78211503519e-10
2.00153804641e-09
8.65217786306e-10
8.99468333149e-10
8.2069406826e-10
8.365532711e-10
2.11638995218e-09
9.32575239254e-10
8.49562087346e-10
1.95791027835e-09
7.88071663482e-10
9.44681666226e-10
8.66288152324e-10
1.97544158809e-09
1.93809168714e-09
9.37278143986e-10
8.14198430898e-10
9.61206114702e-10
8.67340643751e-10
9.16355713532e-10
9.18335907318e-10
9.03005559216e-10
2.03958294698e-09
9.05366726034e-10
8.56649418068e-10
7.77732378499e-10
9.27675214424e-10
9.45502454108e-10
2.01245042852e-09
1.94260518782e-09
8.40630620669e-10
9.28785715004e-10
1.89693727393e-09
8.88390694342e-10
8.54818993368e-10
2.00431338193e-09
8.85892970093e-10
8.83502659921e-10
8.73038530358e-10
9.2703567045e-10
1.91024196461e-09
2.05336680992e-09
2.02328886978e-09
8.81399175867e-10
9.01597130287e-10
1.97187577378e-09
7.6779599345e-10
9.27457666222e-10
8.97415031176e-10
2.13755191325e-09
1.8735837326e-09
8.97281027257e-10
2.08959871628e-09
9.56826839982e-10
1.9809478502e-09
9.25521881356e-10
1.95520621915e-09
8.93358775844e-10
8.89760820577e-10
1.98807170726e-09
8.95195528816e-10
1.93828597617e-09
1.9592600875e-09
2.06041517181e-09
1.93211491251e-09
9.24564758087e-10
2.01274708012e-09
9.48604306217e-10
8.87647400027e-10
2.03490690964e-09
8.96632268432e-10
2.03071426341e-09
1.91714066844e-09
9.15968634274e-10
1.9830201925e-09
8.84309458993e-10
2.10599848671e-09
8.34269320293e-10
8.92039719869e-10
2.09872474954e-09
