3.30243588031e-09
1.94987119784e-08
3.53379103757e-09
1.97748981634e-08
1.96065048641e-08
2.03365004836e-08
3.81704046148e-09
2.09484998237e-08
2.08772465982e-08
2.09427497566e-08
2.279812783e-08
2.12694928337e-08
2.32479120399e-08
2.02662953086e-08
2.09956887431e-08
3.39579786512e-09
2.17848725725e-08
2.7449722495e-09
1.98241032479e-08
2.20000604401e-08
2.16911342221e-08
2.55919130332e-09
2.10314023974e-08
2.1714550158e-08
2.26675176407e-08
2.28677770053e-08
2.19388063272e-08
2.40401765161e-09
2.18071640745e-08
2.26998349007e-08
2.04034193985e-08
2.27166019329e-08
2.08451069739e-08
2.2499122565e-08
2.19764899612e-08
2.13031192686e-08
2.23408562761e-08
2.14402131604e-08
2.06402237524e-08
2.18482618664e-08
2.18271214436e-08
2.98830671319e-09
2.18506102101e-08
2.17098641286e-08
2.15765787459e-08
2.12892015128e-08
2.32551808921e-08
2.2586227999e-08
2.27585452706e-08
2.2090919316e-08
2.2742961292e-08
2.16197939551e-08
2.29604104618e-08
2.27108487572e-09
2.23586784642e-08
2.16303117639e-08
2.25707044166e-08
2.19564668669e-08
2.24240856994e-08
2.2665124888e-08
2.27681375975e-08
2.27765326599e-08
2.33996253485e-08
2.45600642046e-08
2.29315180178e-08
2.25360921036e-08
2.28437482264e-08
2.26089262867e-08
2.18905711336e-08
2.19576428151e-08
2.18177280686e-08
2.3190994014e-08
2.25563780987e-08
2.06265244884e-08
2.18224247561e-08
2.48218534615e-09
2.40401765161e-09
2.94372659582e-09
2.94329560724e-09
2.69152233834e-09
2.0599750794e-09
2.11114836723e-09
2.34130670407e-09
2.26767760125e-09
2.80946910181e-09
2.44510611758e-09
2.32394281596e-08
2.17919122747e-08
2.34105677066e-08
2.80020939769e-09
2.04875121312e-08
3.08332404053e-09
2.1434043429e-09
2.80567902244e-09
2.25143348409e-09
2.01406380462e-09
2.03301131485e-09
2.34057040416e-08
2.18072671032e-09
2.21762297414e-09
2.67957878108e-09
2.89178414548e-09
2.187783954e-09
2.17590501173e-09
2.20715623556e-09
2.42275777218e-09
2.8352233894e-09
2.42510522774e-09
2.33861552346e-09
2.24578045049e-09
2.3896216117e-09
2.52153897762e-09
2.87173262947e-09
3.19373616442e-09
2.41806574763e-09
2.18704032662e-09
2.1548254292e-09
1.71572034358e-09
2.21051776883e-09
2.19820450731e-09
1.32283173304e-09
1.82573178797e-09
1.90779236853e-09
2.29082175451e-09
2.32058727789e-09
2.49487186466e-09
2.2157520263e-09
2.40557640474e-09
2.84157453123e-09
1.78722525668e-09
1.84377368928e-09
2.4687414335e-09
1.84650461588e-09
1.66669755775e-09
2.15630135969e-09
2.3255668502e-09
2.64472466149e-09
2.37836861317e-09
2.861520354e-09
2.74205835815e-09
2.61537991264e-09
1.89912419124e-09
1.44127931812e-09
2.73623523839e-09
2.26389440527e-09
1.4810745963e-09
1.84855430962e-09
3.111188418e-09
2.61537991264e-09
2.31561281261e-09
2.20715623556e-09
2.60928700868e-09
2.70803957036e-09
2.50043230565e-09
2.13054596188e-09
2.32020425095e-09
2.24804064253e-09
1.85368320693e-09
1.94686844424e-09
1.6560079974e-09
2.14524442654e-09
1.88874849094e-09
1.98563210319e-09
2.61050492334e-09
2.31408336937e-09
2.31637797832e-09
2.48337350683e-09
2.65331467908e-09
2.70101363498e-09
2.22361506985e-09
2.30339125551e-09
2.65085908779e-09
2.099115326e-09
2.38030684052e-09
2.24389773429e-09
2.50162490723e-09
2.65700017543e-09
2.39195308005e-09
2.18666884599e-09
2.18741202929e-09
2.33093544466e-09
2.08747974462e-09
2.41454967131e-09
2.1773878256e-09
2.06719552587e-09
2.25596075154e-09
1.41694422862e-09
1.67514402349e-09
2.07877448588e-09
1.71802538862e-09
1.73155767502e-09
1.87083104564e-09
2.3806945304e-09
1.89116700078e-09
1.93146987293e-09
1.69995573174e-09
2.7599824648e-09
2.22811413764e-09
2.10020778546e-09
1.94511540208e-09
2.28930052693e-09
2.44078512956e-09
2.22361506985e-09
2.33861552346e-09
2.09002237739e-09
1.92658311526e-09
2.06575045958e-09
2.27335772429e-09
2.27866592262e-09
1.91752436152e-09
2.39428565862e-09
2.08530193113e-09
