0.0
1.31013044857e-09
1.18703602503e-09
1.18523157955e-09
1.17390486221e-09
1.18095544455e-09
1.16646958759e-09
1.14847198418e-09
1.13712139704e-09
1.14048293032e-09
1.14173248633e-09
1.1458382021e-09
1.16013854079e-09
1.14344700375e-09
1.14618980973e-09
1.15334042317e-09
6.13834372221e-10
2.43499248542e-10
2.45206577265e-10
2.38937980512e-10
2.42833447794e-10
2.41397402068e-10
2.40376774041e-10
2.42709768949e-10
2.42272923945e-10
2.42197401024e-10
2.42173975318e-10
6.17251083579e-10
2.28556548687e-10
2.25184523805e-10
2.14162992895e-10
2.05737954451e-10
1.99719435434e-10
2.12519571385e-10
2.06643896439e-10
2.05998135216e-10
2.06589190199e-10
2.06105077449e-10
2.03724509484e-10
1.06376696341e-09
1.08243025654e-09
1.10160180977e-09
1.12279008313e-09
1.12416032039e-09
1.10881992477e-09
1.10625197891e-09
1.1080211193e-09
1.11916986789e-09
1.1288382451e-09
1.14581000243e-09
1.14391773831e-09
1.15657716737e-09
5.86425630278e-10
1.13013032266e-09
6.07642713923e-10
2.30266264389e-10
2.28687915826e-10
2.26391350111e-10
2.29253740991e-10
2.14997339376e-10
2.19595758244e-10
2.13829370876e-10
2.13763548529e-10
2.14145409738e-10
2.14806367138e-10
2.31123620242e-10
2.29376725946e-10
2.37214109466e-10
2.34081948269e-10
2.35968578011e-10
2.41301728598e-10
2.43201708772e-10
2.34101599217e-10
2.3717161568e-10
2.50400561397e-10
2.49051695933e-10
2.47217857297e-10
2.51412168861e-10
2.48268627878e-10
2.47643267004e-10
2.39293723725e-10
2.38298575317e-10
2.47400988584e-10
1.20781440405e-09
1.20095766665e-09
2.37517061574e-10
3.44469834601e-11
3.34949429304e-11
2.38586234103e-10
2.36062502879e-10
2.44860853815e-10
2.4123572584e-10
2.46530573733e-10
2.44907205627e-10
2.47788428664e-10
2.46943854254e-10
2.41732023287e-10
2.43940173617e-10
2.45053533021e-10
2.4879551197e-10
2.5051935526e-10
2.47671327891e-10
2.45454462311e-10
2.41955844249e-10
2.44566256136e-10
2.47000031539e-10
2.54946758149e-10
2.56437898694e-10
2.56104942808e-10
2.6008692422e-10
2.56079407679e-10
2.68488703492e-10
2.62702110065e-10
2.67895178263e-10
2.67077249205e-10
2.68364414024e-10
2.6678889653e-10
2.73843281384e-10
2.33074143319e-10
2.31707472653e-10
2.23547139133e-10
2.24110840996e-10
2.28706831251e-10
2.26514404456e-10
2.2317026005e-10
2.22929036342e-10
2.20615914426e-10
2.1807644579e-10
2.21634585684e-10
2.19798401702e-10
2.46955622618e-10
2.20284734898e-10
2.22423024443e-10
2.19467208296e-10
2.53506299286e-10
