1.62216025501e-07
1.50009796585e-07
1.37360430585e-07
1.0786074256e-07
1.29471388277e-07
1.57100444653e-07
1.4156283612e-07
1.35397002055e-07
1.76789200168e-07
1.7201013236e-07
1.22757754184e-07
1.56430189691e-07
1.98680098151e-07
1.42155499816e-07
1.44330158491e-07
1.93360108369e-07
1.36724963795e-07
2.09329357403e-07
1.5861606073e-07
1.52578579105e-07
1.57421894187e-07
1.26638880715e-07
1.47820102825e-07
1.32326533731e-07
1.43155048704e-07
1.45610115965e-07
1.5970991285e-07
1.49179868458e-07
1.39783338682e-07
1.50573612245e-07
1.55328876872e-07
1.1664590005e-07
1.66780097288e-07
1.40998253073e-07
1.53473934006e-07
1.50360904172e-07
1.30253226871e-07
1.21557803823e-07
1.45464596812e-07
1.32040483436e-07
1.199092452e-07
1.4527368819e-07
1.40899786061e-07
1.29978019459e-07
1.37749509577e-07
1.47765106817e-07
1.3294302903e-07
1.40819253147e-07
1.35528622991e-07
1.21134235087e-07
1.38768996294e-07
1.38866710131e-07
1.3876011451e-07
1.56024981379e-07
1.4231734724e-07
1.34232720939e-07
1.59300469704e-07
1.3988140779e-07
1.35792063816e-07
2.39549166281e-07
1.79021682811e-07
1.63091030458e-07
1.31054690655e-07
1.77853422656e-07
1.70323403381e-07
1.84315965157e-07
1.90737594608e-07
1.43931899288e-07
1.24535063151e-07
1.36821938668e-07
1.31694179117e-07
1.49483909695e-07
1.27820968032e-07
1.40461622777e-07
1.38964466601e-07
1.43642594708e-07
1.60014948847e-07
