1.38085121115e-09
1.20669685355e-09
1.05557462771e-09
1.19873566629e-09
1.44622136489e-09
1.21100451889e-09
1.13312348393e-09
1.15729392736e-09
1.36519906491e-09
1.10489317695e-09
1.47166567821e-09
1.34345867764e-09
1.56590607148e-09
8.6839901936e-10
1.34325750523e-09
1.37569078351e-09
1.06271202949e-09
9.00330476838e-10
1.44560574622e-09
8.67210303568e-10
1.38827960239e-09
1.38010003425e-09
1.45823364495e-09
1.373901104e-09
1.38658107218e-09
9.61129287269e-10
1.5290408939e-09
1.36188027522e-09
9.35501898169e-10
1.05683506391e-09
1.19171017499e-09
1.20709053864e-09
1.03272235208e-09
1.40434319729e-09
1.26161081582e-09
1.30993860203e-09
9.15856390726e-10
1.18477450073e-09
9.18538356487e-10
1.20589593866e-09
8.81481887482e-10
1.14528231343e-09
1.52379886487e-09
1.31489819033e-09
1.10207643012e-09
1.35075783891e-09
1.36573541365e-09
7.84003473253e-10
1.29628530132e-09
1.45880618696e-09
1.41493283756e-09
7.76023356686e-10
6.35262009663e-10
1.20595577968e-09
8.17933498709e-10
6.95113411275e-10
1.33730604368e-09
1.2524685733e-09
8.07470756925e-10
1.01711516987e-09
3.99131894202e-10
9.07427299968e-10
5.5095444873e-10
7.80271347534e-10
5.14472020541e-10
1.30509347773e-09
1.08910835905e-09
9.21781595498e-10
1.13567721893e-09
3.65954350157e-10
5.85338277848e-10
5.97398741586e-10
6.3449662191e-10
6.12865258542e-10
5.54037371536e-10
9.21550225019e-10
7.22239379414e-10
1.3868161064e-09
1.08274644806e-09
1.20642507095e-09
1.1580144621e-09
1.33479127751e-09
3.31973476486e-10
1.0646231674e-09
1.00744379505e-09
1.1150241841e-09
1.14115406014e-09
5.86911907963e-10
1.1796703614e-09
9.70311275772e-10
1.30694211009e-09
1.07469866339e-09
7.16970371961e-10
1.21558751953e-09
1.15155074365e-09
5.72160818724e-10
1.27949173478e-09
1.50689838385e-09
1.25110100058e-09
1.23576049393e-09
1.27265220584e-09
5.93900040258e-10
1.22555532389e-09
1.06291242474e-09
5.2866089284e-10
1.18192577947e-09
1.11394138358e-09
1.03585195976e-09
1.29183452824e-09
1.50805812282e-09
1.09256703684e-09
8.36616220745e-10
1.2296273999e-09
1.57049451222e-09
6.22728646427e-10
9.03242036721e-10
1.53632284672e-09
1.44454004314e-09
8.11546607693e-10
9.20863385545e-10
1.09605435838e-09
1.3004000099e-09
7.89845466809e-10
1.19490550787e-09
1.26154175994e-09
5.74925163033e-10
1.49438228458e-09
1.2348418954e-09
1.05172304199e-09
1.44683964809e-09
1.09169062679e-09
8.98634389124e-10
1.2371232927e-09
7.81185949261e-10
1.24905175092e-09
