1.4766859957e-10
2.44997155896e-09
1.72185890546e-10
1.53556847793e-10
1.43461784119e-10
1.55966711768e-10
1.45863376932e-10
1.60578259023e-10
3.23575455319e-09
3.35551098019e-09
3.26191407218e-09
3.33241789718e-09
3.18291037971e-09
3.34360983345e-09
3.34964389559e-09
3.2912561565e-09
3.23134830005e-09
3.47972894943e-09
3.28852101106e-09
3.31935545717e-09
3.30374927415e-09
3.32450866836e-09
3.27196425509e-09
3.38232286623e-09
3.35551098019e-09
3.35551098019e-09
3.39359851331e-09
3.35516570082e-09
3.34895422505e-09
3.30546234828e-09
3.35585648159e-09
3.33585936652e-09
3.31746718985e-09
3.3205578287e-09
3.374008406e-09
3.45410899882e-09
3.41446404484e-09
3.39794015147e-09
3.4381886227e-09
3.39325101351e-09
3.5112686092e-09
3.43748984832e-09
3.56658280687e-09
3.48394935124e-09
3.52647222535e-09
3.47709239179e-09
4.56666454651e-10
4.73569683468e-10
4.74283334828e-10
4.89262685921e-10
4.69880190312e-10
4.60495641619e-10
3.47322726135e-09
3.49803630506e-09
4.07559097582e-10
3.87828991144e-10
4.2365883024e-10
4.29691671133e-10
4.13900941298e-10
3.41220052213e-09
3.4268392568e-09
4.47856862706e-10
4.24640878016e-10
4.53805021339e-10
4.53678067336e-10
