3.29450555725e-09
2.53912846304e-09
3.21595017283e-09
3.20986881519e-09
2.91925394968e-09
2.95251889604e-09
2.88713830621e-09
2.94491253605e-09
3.30409166693e-09
3.25340909768e-09
2.94669177947e-09
2.98776381413e-09
2.93570145971e-09
2.94555935199e-09
2.93102031534e-09
2.93683166674e-09
2.9289233261e-09
2.95219471091e-09
3.10006065263e-09
3.20531179376e-09
3.12266879021e-09
2.94378055266e-09
2.97182056741e-09
2.93279556196e-09
2.97767233093e-09
2.65684652057e-09
3.32914984469e-09
2.91828805565e-09
2.65009170164e-09
2.95462432298e-09
3.00391267416e-09
2.96678659417e-09
3.02321789825e-09
3.05904568343e-09
3.37383543325e-09
3.07968428537e-09
3.04028358045e-09
3.08249670233e-09
3.17299786445e-09
3.12116998913e-09
3.09226666495e-09
2.76922751397e-09
3.14402193169e-09
3.1315017246e-09
2.40825692721e-09
2.79689849059e-09
2.80888978743e-09
1.44769785049e-09
3.11867331959e-09
1.47572709608e-09
3.18694670653e-09
2.55175880426e-09
2.57378585111e-09
1.26367527553e-09
2.74216227503e-09
1.25046728527e-09
3.1771960618e-09
3.07406367028e-09
2.57136756332e-09
1.46829493008e-09
1.1196089611e-09
2.57938315151e-09
2.29838814647e-09
1.03741060187e-09
1.52350498883e-09
1.25986421295e-09
2.54739496164e-09
1.3673157051e-09
1.16147680362e-09
9.61854929038e-10
2.18286122511e-09
1.63204194603e-09
9.48499501163e-10
1.38644684622e-09
1.1546816836e-09
8.58411675075e-10
1.3812362365e-09
1.01383657025e-09
1.57641910636e-09
8.12842404496e-10
1.96523353146e-09
1.20804610759e-09
2.4788209263e-09
1.60076951694e-09
1.36852817967e-09
1.2379576253e-09
1.44395828627e-09
1.04231190345e-09
2.18453255485e-09
1.42027434258e-09
1.18998699783e-09
1.68777192222e-09
2.00773819792e-09
1.1837240077e-09
1.44361866905e-09
