9.05671981855e-08
8.03438453545e-08
9.13113424872e-08
9.11493103217e-08
8.2093436049e-08
8.00535033818e-08
9.66982298678e-08
9.50924174958e-08
9.51549310457e-08
7.29467330984e-08
8.82078268205e-08
7.95887231675e-08
7.16517831734e-08
6.25386320507e-08
6.85275338697e-08
7.32174356699e-08
7.65181837892e-08
6.44641460212e-08
6.86336747435e-08
6.92377497558e-08
6.48430358297e-08
6.60629595473e-08
6.40803250462e-08
6.59435102079e-08
8.24627406359e-08
7.74641861767e-08
8.22437939973e-08
7.6504996116e-08
8.12995395449e-08
7.50088204882e-08
8.27711232887e-08
7.33723481972e-08
7.6828463591e-08
7.31529397058e-08
7.29950357936e-08
8.34102564795e-08
7.67689982695e-08
8.67235740998e-08
7.21728525832e-08
8.00231561016e-08
8.27333934694e-08
8.5220598578e-08
8.16500147494e-08
7.11580341317e-08
6.88274397476e-08
7.74641861767e-08
7.88237954907e-08
7.8971126527e-08
7.80492328545e-08
7.47804520529e-08
7.50545368078e-08
9.81418821766e-08
7.34175671369e-08
8.2891205011e-08
7.98849555395e-08
9.28814074541e-08
8.59285052002e-08
8.24456236614e-08
7.25223543441e-08
8.08006461739e-08
7.8109195556e-08
1.77767958576e-07
1.39311296721e-07
1.34285130571e-07
1.33338858177e-07
1.93428263628e-07
1.24556095216e-07
1.16829177443e-07
1.26109156895e-07
1.20185973174e-07
9.84633174994e-08
9.8980208918e-08
1.01197755953e-07
9.10773465534e-08
8.70538841014e-08
9.25474594737e-08
9.33433810246e-08
9.45344780234e-08
9.10054112069e-08
1.25550982943e-07
8.408296992e-08
9.63056905334e-08
1.04797706513e-07
9.6635218938e-08
1.03041521982e-07
9.72699467638e-08
1.12130486229e-07
9.16647024951e-08
8.65060627575e-08
1.07293800511e-07
9.12753250759e-08
9.65277848763e-08
9.49087066715e-08
1.03060656897e-07
8.92802916042e-08
8.69659757541e-08
8.37307538859e-08
9.39526003663e-08
9.440257287e-08
9.19247469255e-08
9.39379845022e-08
9.9991645186e-08
9.16213949154e-08
1.31395850644e-07
9.57737142926e-08
9.28777694753e-08
1.02224248621e-07
9.4670141948e-08
8.63448406108e-08
9.30049708359e-08
1.43538684938e-07
8.98654093362e-08
1.7160495247e-07
1.94509794937e-07
1.89796423911e-07
1.85038274481e-07
1.83584816682e-07
1.93202865262e-07
1.82773590041e-07
1.78522682859e-07
2.05885712035e-07
1.85299910527e-07
1.81161581736e-07
1.84167561201e-07
1.99962727265e-07
1.88495107523e-07
1.8268696067e-07
1.82895931289e-07
1.91107432101e-07
1.88417487834e-07
1.85720921309e-07
1.77888608732e-07
1.81389992804e-07
1.68537297895e-07
1.94215488136e-07
1.93113805835e-07
2.06632847721e-07
2.200944067e-07
1.81486470296e-07
1.8963547177e-07
1.88660763456e-07
1.99754879304e-07
1.85500084626e-07
2.14553878664e-07
1.90633485886e-07
2.01345770279e-07
1.91827254525e-07
1.76643879968e-07
1.9435736931e-07
1.8917890543e-07
2.20385317107e-07
2.19083304387e-07
1.85423061794e-07
1.91169959862e-07
1.9308761523e-07
1.95399337599e-07
1.91388934923e-07
2.187709498e-07
1.86955929848e-07
1.93674750903e-07
2.12466233052e-07
2.21904514319e-07
2.05934412634e-07
1.92543225808e-07
2.05528891684e-07
2.0073643725e-07
2.03345933869e-07
2.01308324677e-07
2.0479993168e-07
2.0869715911e-07
2.03743908855e-07
2.37435884287e-07
2.12076287198e-07
2.18247137695e-07
2.0240091203e-07
1.93181918462e-07
1.71027664919e-07
1.99904093279e-07
2.12713587189e-07
2.10826456737e-07
1.08287913747e-07
1.19159132339e-07
1.07989983178e-07
1.07418792084e-07
1.04604843898e-07
1.34490534265e-07
1.10519614793e-07
1.18230943258e-07
1.10270086395e-07
1.11544451897e-07
1.14566610421e-07
1.05408332729e-07
1.25969506826e-07
1.1800560884e-07
1.19397924436e-07
1.17126809585e-07
1.16804727668e-07
1.16190342681e-07
1.27527059135e-07
1.32361222427e-07
1.20057904951e-07
1.19093300555e-07
1.10813083154e-07
1.12634012339e-07
1.22690934745e-07
1.15205018858e-07
1.18772632618e-07
1.09101456758e-07
1.16597036026e-07
1.17604642469e-07
1.20012458638e-07
1.3263461085e-07
1.19134448084e-07
1.18062956744e-07
1.21686682064e-07
1.22252885149e-07
1.1159620783e-07
1.16397671945e-07
1.16377329107e-07
1.21080304893e-07
1.24181937622e-07
1.30300563228e-07
1.18112112091e-07
1.19921637065e-07
1.32882192361e-07
1.23251098216e-07
1.18407271543e-07
1.24190350448e-07
1.35959055569e-07
1.25914496607e-07
1.30339287807e-07
1.37214669849e-07
1.28418335521e-07
1.29445638208e-07
1.25601673062e-07
