2.88896416123e-07
3.24613779412e-07
2.73723316013e-07
2.8679860975e-07
2.22657661197e-07
2.04557238703e-07
2.36061211467e-07
2.49939944297e-07
2.04654298841e-07
2.69387300023e-07
3.39477907119e-07
2.11768963254e-07
2.13384865333e-07
1.45828551013e-07
1.7392383711e-07
2.67953765842e-07
1.57251676569e-07
2.98730753912e-07
2.92921356504e-07
2.76900806284e-07
2.37778735368e-07
1.59329005101e-07
2.96571499803e-07
2.57578221863e-07
2.61464833784e-07
1.46147371538e-07
1.88857569583e-07
2.56961470768e-07
3.54192167151e-07
3.05400391198e-07
1.40702979934e-07
1.62360095146e-07
3.0990983646e-07
2.9011508218e-07
3.39255677773e-07
2.3041924635e-07
2.75585051668e-07
3.18260759968e-07
2.74609675444e-07
2.13638244873e-07
2.67855028824e-07
1.3311694147e-07
2.38174166611e-07
1.86718892792e-07
2.53540576978e-07
1.85084431337e-07
1.2734408017e-07
2.46246713687e-07
2.29595968904e-07
3.52038682649e-07
3.5396519138e-07
2.41290990743e-07
2.33819278606e-07
2.48844543194e-07
2.67941402399e-07
4.05929483804e-07
2.61842899363e-07
2.47478681104e-07
2.17345871079e-07
2.91439306466e-07
1.50009796585e-07
2.31484804658e-07
2.69535803454e-07
1.50638385321e-07
2.05507262763e-07
2.03254543862e-07
2.08305252158e-07
2.57650810909e-07
1.533898768e-07
2.25116934871e-07
1.8003187563e-07
1.95473106146e-07
1.53894518462e-07
2.64791367499e-07
1.61515799846e-07
1.96729502022e-07
1.18789067471e-07
2.69065651537e-07
2.13010565631e-07
1.97184490958e-07
1.87977917676e-07
2.58995868307e-07
2.50416917424e-07
2.03190069215e-07
1.78165251441e-07
2.26907800993e-07
2.74897104191e-07
2.1910562964e-07
2.20637218717e-07
1.67189284639e-07
2.30774162446e-07
1.57128781098e-07
2.10662278732e-07
2.19563432324e-07
1.8656440659e-07
1.23594517731e-07
1.62417748584e-07
2.14962696532e-07
1.611710303e-07
2.56985629221e-07
2.01452763804e-07
2.00298714503e-07
1.58122674065e-07
1.22916517853e-07
2.05539691933e-07
1.31849958507e-07
2.180578349e-07
1.69596063415e-07
2.01806045652e-07
1.41598718528e-07
1.98882062818e-07
1.45928709117e-07
1.32291859245e-07
1.71743252508e-07
1.33404171265e-07
1.39640746966e-07
1.39231218554e-07
1.50028256485e-07
1.75248786149e-07
2.32771341757e-07
1.59319498039e-07
1.3549352218e-07
1.23846106703e-07
1.41114654184e-07
1.39213426564e-07
1.49216702994e-07
1.53857115492e-07
1.37351605645e-07
1.31279207949e-07
1.35353133146e-07
1.2424075635e-07
1.34023153464e-07
1.51973836182e-07
1.66050625694e-07
2.21960689828e-07
1.22032076888e-07
1.667314109e-07
1.53576692696e-07
1.78074685664e-07
1.64161534144e-07
1.7114106754e-07
1.94599181214e-07
1.54962620513e-07
1.73089631517e-07
1.69743358924e-07
2.11955523355e-07
1.43127991237e-07
2.77541033711e-07
1.35748138064e-07
1.51240470814e-07
1.29171297658e-07
1.60654579417e-07
1.65613727177e-07
1.24366849263e-07
1.67316045463e-07
1.70914276509e-07
1.99062853312e-07
1.63476400417e-07
2.60441765931e-07
1.53698181293e-07
3.26695442254e-07
3.06759005753e-07
2.43262519461e-07
2.56212700833e-07
2.18849024236e-07
2.80727903146e-07
2.54742502648e-07
1.96623773263e-07
2.20502855086e-07
2.3792989623e-07
2.57747643673e-07
2.62038128085e-07
2.53696640584e-07
2.82499200921e-07
2.90410525849e-07
2.44711060304e-07
2.79088084199e-07
2.90821816407e-07
3.04702467702e-07
2.23772801178e-07
2.34973583702e-07
1.98435742504e-07
1.61285910849e-07
1.65032091104e-07
1.45682903963e-07
2.40764279624e-07
2.23851770897e-07
1.91352427237e-07
1.57980508675e-07
1.78326303057e-07
2.47182242674e-07
1.87347865221e-07
1.44466042684e-07
2.38104362893e-07
2.48297737926e-07
2.1001713435e-07
2.21444281578e-07
1.55187947826e-07
1.57866821837e-07
1.9508328819e-07
2.27010019671e-07
1.95283433868e-07
1.41544887811e-07
1.78678860152e-07
2.59590763108e-07
1.80365859137e-07
1.89033741549e-07
1.45319134504e-07
2.54766575836e-07
2.35482360722e-07
