0.0
1.31013044857e-09
1.19327281389e-09
1.17846599146e-09
1.16904186331e-09
1.16916964998e-09
1.15256659772e-09
1.13543752178e-09
1.12895481852e-09
9.76394409768e-10
9.81119407939e-10
9.85623138661e-10
1.00905650502e-09
8.53329296113e-10
8.16181178198e-10
7.70724539745e-10
6.15992035158e-10
4.77668737897e-10
4.8625520277e-10
4.76673422956e-10
3.76194353446e-10
3.75465741831e-10
2.4284940725e-10
4.127654607e-10
4.12604811428e-10
3.73890529648e-10
5.33689370474e-10
6.18810891417e-10
5.10709363688e-10
5.12726139323e-10
4.89563833916e-10
4.74130901207e-10
4.6591408509e-10
3.63963081895e-10
3.55717788558e-10
4.14381334801e-10
2.03015756983e-10
2.0438524484e-10
2.04036121332e-10
1.05942166151e-09
1.08576070357e-09
1.10006637133e-09
1.11486175847e-09
1.12192122259e-09
1.10919007312e-09
1.10647424556e-09
1.10447107016e-09
1.11759923538e-09
1.12861198165e-09
1.14200637835e-09
1.14018916531e-09
1.15307607906e-09
5.87184023626e-10
7.47750250607e-10
6.05810845933e-10
5.15970932646e-10
5.1270715451e-10
5.06910013964e-10
5.13149855941e-10
4.37748143289e-10
2.18762521986e-10
2.12416167988e-10
2.13138617866e-10
1.29941127303e-10
2.10536948986e-10
2.28582486272e-10
2.25416144084e-10
2.36444613888e-10
2.34533170662e-10
2.36947683696e-10
2.42082076607e-10
2.4637927809e-10
2.34414904154e-10
2.36751340754e-10
2.48159381933e-10
2.4778751273e-10
2.48117998369e-10
2.49779086303e-10
2.46131753867e-10
2.42876857515e-10
2.35995500919e-10
2.36775044016e-10
2.46892950528e-10
1.20909293688e-09
1.2055063614e-09
8.13677389355e-11
3.45418138537e-11
3.32419265725e-11
8.05867733655e-11
7.89282528224e-11
8.34695507157e-11
8.30517252193e-11
2.45448911196e-10
2.43466774519e-10
2.46954345862e-10
2.44993303422e-10
2.41303865778e-10
2.42262071515e-10
2.44157527529e-10
2.46776155066e-10
2.4815588473e-10
2.48289167004e-10
2.44227527091e-10
2.41275777135e-10
2.44710057773e-10
2.4877355731e-10
2.54064269622e-10
2.55664989179e-10
2.56953069933e-10
2.58761068128e-10
2.57465881948e-10
2.67256217157e-10
2.61743293706e-10
2.66480615352e-10
2.64787608506e-10
2.63385757648e-10
2.63322003091e-10
2.68743749476e-10
2.2910469355e-10
2.28560434468e-10
2.21374293896e-10
2.22903501212e-10
2.26033206041e-10
2.25676616283e-10
2.21975132719e-10
2.23262047738e-10
2.21677037837e-10
2.19262261125e-10
2.22933657645e-10
2.21955148705e-10
2.50108156408e-10
2.2168210323e-10
3.86460918822e-10
2.19600157503e-10
2.50715892491e-10
