0.0
8.59145288246e-08
8.78117418779e-08
8.88782523134e-08
8.77587567061e-08
8.65937366257e-08
8.82042883177e-08
8.91983944484e-08
8.9886853516e-08
8.82396946622e-08
8.80273560711e-08
8.79672370502e-08
8.59564650568e-08
8.28122779239e-08
8.13539315914e-08
8.09565960935e-08
7.89141907376e-08
7.6037494523e-08
7.34434095762e-08
7.28855695797e-08
7.08277028139e-08
6.94574922022e-08
6.86555381435e-08
6.90246153567e-08
7.05899552145e-08
7.09260845611e-08
7.1482752162e-08
7.24292874565e-08
7.38024468205e-08
7.50545368078e-08
7.66402337149e-08
7.76899682364e-08
7.93333398974e-08
8.04249538078e-08
7.94744323684e-08
7.98108459321e-08
7.98613726261e-08
8.09023390502e-08
8.04993476322e-08
8.03472204325e-08
8.02560151669e-08
8.10957203612e-08
8.11432627756e-08
8.06076130289e-08
7.97199390945e-08
7.92729153432e-08
7.87802960645e-08
7.7846216584e-08
7.78495348186e-08
7.76500996835e-08
7.7212234828e-08
7.68350787439e-08
7.61164073992e-08
7.72586190578e-08
7.84761056138e-08
7.97233070671e-08
8.05230229162e-08
8.10753562064e-08
8.0529787283e-08
8.09192925999e-08
8.10176601362e-08
1.01463392355e-07
1.05919838234e-07
1.09353607058e-07
1.12970326427e-07
1.36795492267e-07
1.39155602596e-07
1.41186319524e-07
1.45569174492e-07
1.4810899529e-07
1.50707791136e-07
1.27748521095e-07
1.26253141275e-07
1.23523278717e-07
1.20587188235e-07
9.82539489769e-08
9.69950164631e-08
9.65018642773e-08
9.48352649743e-08
9.53241610091e-08
9.38174551379e-08
9.34964106136e-08
9.20657683423e-08
9.26526624312e-08
9.42634414969e-08
9.48572989046e-08
9.6687109874e-08
9.64093018752e-08
9.59841059966e-08
9.43110336493e-08
9.50556682255e-08
9.51622780576e-08
9.56962509235e-08
9.63648929542e-08
9.49564551433e-08
9.37772881571e-08
9.09622599465e-08
9.11133213322e-08
9.19175207059e-08
9.18055107491e-08
9.21200253856e-08
9.24495751065e-08
9.23408691733e-08
9.14338613711e-08
9.21887846062e-08
9.28305539105e-08
9.47545260033e-08
9.49197271893e-08
9.41061273352e-08
9.43220115346e-08
9.49711491671e-08
9.36386186368e-08
1.15711344506e-07
1.39618478556e-07
1.64364465149e-07
1.91895139778e-07
2.1989870902e-07
2.52233718356e-07
2.86804976213e-07
3.22322165403e-07
3.60956960321e-07
4.01626920166e-07
3.99529454853e-07
3.98084040398e-07
3.9691906295e-07
3.97332257762e-07
3.97227040594e-07
3.95695820998e-07
3.97024223275e-07
3.98558000825e-07
3.96371007128e-07
3.96160913851e-07
3.96160913851e-07
3.97354767756e-07
4.0019278913e-07
4.00871783768e-07
4.0066049678e-07
4.02352526407e-07
4.01022759888e-07
4.01090716196e-07
4.01506071057e-07
4.04722783287e-07
4.05268991699e-07
4.03843500862e-07
4.03298258789e-07
4.04624188377e-07
4.06210574511e-07
4.0717605998e-07
4.08965604493e-07
4.08866497992e-07
4.09774116861e-07
4.09018980463e-07
4.0914096644e-07
4.10361906233e-07
4.10812560858e-07
4.09003746427e-07
4.08896994486e-07
4.07701094218e-07
4.06704572242e-07
4.06476544867e-07
4.08135093721e-07
4.08363604265e-07
4.11286407598e-07
4.11615246776e-07
4.12411026218e-07
4.13069670913e-07
4.14872118881e-07
4.1620154434e-07
4.18805029767e-07
4.21981752652e-07
4.21641090043e-07
4.22973528202e-07
4.22973528202e-07
4.25675864335e-07
4.25193803721e-07
4.24991696946e-07
4.23718148568e-07
4.22454263571e-07
4.23477644063e-07
4.22810728651e-07
3.82077303129e-07
3.4494519241e-07
3.07763400542e-07
2.71836796628e-07
2.39537484958e-07
2.11045460219e-07
1.83564395684e-07
1.59015101531e-07
1.33853006901e-07
1.11552409976e-07
1.12070608793e-07
1.10610784532e-07
1.12362123161e-07
1.13483771713e-07
1.1502706343e-07
1.15245484267e-07
1.15897954345e-07
1.15731630501e-07
1.17465681626e-07
1.19509167007e-07
1.20053769592e-07
1.21570280953e-07
1.19995945624e-07
1.19505045859e-07
1.19810195542e-07
1.19620466421e-07
1.19801939036e-07
1.19142669064e-07
1.17997423388e-07
1.16625535895e-07
1.16682542739e-07
1.179400968e-07
1.18900025825e-07
1.19447364e-07
1.1931967947e-07
1.20045513086e-07
1.19459713233e-07
1.20181852026e-07
1.20235583267e-07
1.20483719002e-07
1.20781834312e-07
1.20479583643e-07
1.20355480249e-07
1.20479583643e-07
1.21570280953e-07
1.21582743873e-07
1.22182044038e-07
1.22979216144e-07
1.24892906683e-07
1.25390513972e-07
1.26134565903e-07
1.26825611346e-07
1.2769739044e-07
1.28691894474e-07
1.28008565525e-07
