1.08880349181e-09
1.17322407345e-09
1.13687781411e-09
9.39098243613e-10
1.03790676054e-09
1.16007459194e-09
1.00229280431e-09
9.19609055572e-10
2.60622301518e-09
2.36721242608e-09
2.33140529105e-09
2.25820495636e-09
2.125832399e-09
2.68074140664e-09
1.94202698367e-09
1.65881386405e-09
2.11413886397e-09
2.28178631545e-09
1.57209012475e-09
1.73431979889e-09
1.96934402119e-09
2.11311790288e-09
6.99292124207e-10
1.43025336019e-09
2.78769729523e-10
1.75662917545e-09
1.56950541452e-09
1.92791693721e-09
4.28034647657e-12
1.1773406694e-09
2.3984680908e-09
1.4074406085e-09
2.20880091995e-09
9.13254472046e-10
4.81140183251e-10
2.23301754865e-09
1.29670452154e-09
1.19144083488e-09
8.87645734693e-10
5.60546886685e-10
1.54034907052e-09
6.3276800466e-10
1.75839443006e-09
9.85775572282e-10
1.8929029455e-09
2.45835329871e-09
3.1185071192e-10
1.80484438506e-09
2.10096495756e-09
1.71663772086e-09
2.37766495381e-09
2.07460693069e-09
1.11454256935e-09
1.70590308546e-09
6.10022754532e-10
1.06252562304e-09
