1.21352447011e-42
8.59145288246e-08
9.70172919779e-08
9.62132276072e-08
9.32377872687e-08
9.11133213322e-08
9.00620662492e-08
9.1646661815e-08
9.27034662368e-08
9.26998353634e-08
9.21598370951e-08
9.21670633147e-08
9.08472443939e-08
8.9006235271e-08
8.61522977402e-08
8.43632008696e-08
8.15887162275e-08
7.76368125344e-08
7.47348209984e-08
7.47348209984e-08
7.33110141482e-08
7.04886389258e-08
6.91060648705e-08
7.00210023297e-08
7.16549735102e-08
7.18881096873e-08
7.23587234575e-08
7.30755758127e-08
7.4979439546e-08
7.4979439546e-08
7.64291669952e-08
7.83826266115e-08
7.98512616029e-08
8.03472204325e-08
7.9605541714e-08
7.9605541714e-08
7.91085383867e-08
8.08311497735e-08
8.10821418895e-08
8.10821418895e-08
8.13301355151e-08
8.18272383185e-08
8.18340595288e-08
8.13369283037e-08
8.18374701339e-08
8.25860198006e-08
8.20866077333e-08
8.08311497735e-08
8.13301355151e-08
8.13301355151e-08
8.13369283037e-08
8.18374701339e-08
8.05940842952e-08
8.00838648729e-08
8.10787526007e-08
8.1578498623e-08
8.25860198006e-08
8.41002574248e-08
8.30903843507e-08
8.30903843507e-08
8.35962765677e-08
8.41037106625e-08
8.58970565787e-08
8.95119711686e-08
1.05656184246e-07
1.16751770918e-07
1.12038691213e-07
1.1145289136e-07
1.10579065904e-07
1.10579065904e-07
1.0855482202e-07
1.06553173396e-07
1.06265417799e-07
1.04844026794e-07
1.0203377343e-07
9.95360522893e-08
9.81568248903e-08
9.57110017907e-08
9.32814785415e-08
9.32814785415e-08
9.27506604853e-08
9.27506604853e-08
9.06389701072e-08
9.06425512426e-08
9.24894436594e-08
9.38284117069e-08
9.6246509429e-08
9.57073211794e-08
9.57110017907e-08
9.57110017907e-08
9.65240829487e-08
9.70692894953e-08
9.95398110604e-08
9.98145637254e-08
9.81605623451e-08
9.67946363062e-08
9.32851165203e-08
9.24894436594e-08
9.38211073276e-08
9.38211073276e-08
9.40951565553e-08
9.38284117069e-08
9.32851165203e-08
9.30158776669e-08
9.38211073276e-08
9.40841857755e-08
9.70804308054e-08
9.70767075614e-08
9.70767075614e-08
9.70767075614e-08
9.89877051438e-08
9.5714696613e-08
9.62539061788e-08
9.67983453393e-08
9.54309200552e-08
1.04562438707e-07
2.35927998915e-07
4.04866881354e-07
4.05420792049e-07
4.05420792049e-07
4.05428352224e-07
4.02655018661e-07
4.03207423005e-07
4.02095452046e-07
3.99326012257e-07
3.98776279553e-07
3.97662944351e-07
3.97655412598e-07
3.99883674618e-07
3.99883674618e-07
3.97106845185e-07
3.96558647253e-07
3.95455913349e-07
3.96573682337e-07
4.00434146286e-07
4.03207423005e-07
4.03199834409e-07
4.05982689244e-07
4.04866881354e-07
4.04866881354e-07
4.05982689244e-07
4.09339264706e-07
4.08782682371e-07
4.06529721886e-07
4.07092386467e-07
4.07084769449e-07
4.10453537825e-07
4.10453537825e-07
4.14388523495e-07
4.14388523495e-07
4.14388523495e-07
4.12135477745e-07
4.12143123185e-07
4.15517348529e-07
4.1494891434e-07
4.13261233234e-07
4.12701979258e-07
4.13268907096e-07
4.10453537825e-07
4.10453537825e-07
4.1101893089e-07
4.11576991155e-07
4.1269436224e-07
4.13253587794e-07
4.13820856693e-07
4.1494891434e-07
4.19461031242e-07
4.23438820008e-07
4.25147163696e-07
4.25147163696e-07
4.24579923219e-07
4.25722532782e-07
4.24579923219e-07
4.25714745234e-07
4.27435452366e-07
4.25722532782e-07
4.23438820008e-07
4.19476464231e-07
4.21741702894e-07
4.21741702894e-07
4.2061219574e-07
4.2232255737e-07
4.19970746179e-07
2.46631373102e-07
1.17098259977e-07
1.12642020156e-07
1.13238940003e-07
1.15302142945e-07
1.13821357672e-07
1.13821357672e-07
1.15302142945e-07
1.13527960366e-07
1.15897954345e-07
1.182883409e-07
1.20103337053e-07
1.20103337053e-07
1.20711405316e-07
1.19492682416e-07
1.21624310623e-07
1.21624310623e-07
1.21316858781e-07
1.21620161053e-07
1.20707269957e-07
1.19488561268e-07
1.19488561268e-07
1.17985138104e-07
1.18887690803e-07
1.18296540563e-07
1.18284241069e-07
1.18284241069e-07
1.18284241069e-07
1.18895911783e-07
1.18895911783e-07
1.19187944847e-07
1.19492682416e-07
1.21316858781e-07
1.20707269957e-07
1.21316858781e-07
1.21316858781e-07
1.21316858781e-07
1.22236215816e-07
1.21927996588e-07
1.21927996588e-07
1.21927996588e-07
1.22232052036e-07
1.21624310623e-07
1.22540654957e-07
1.23766398019e-07
1.25622790392e-07
1.25622790392e-07
1.2779965175e-07
1.28115203779e-07
1.28738932403e-07
1.29051358044e-07
1.29055649722e-07
