3.25476956498e-09
3.25680993285e-09
3.26293569941e-09
3.26310578558e-09
3.26855609245e-09
3.28254223803e-09
3.28561644558e-09
3.28339599953e-09
3.28203020317e-09
3.29347926709e-09
3.31180505242e-09
3.31489302674e-09
3.3114619935e-09
3.31575078505e-09
3.32777427836e-09
3.31712390889e-09
3.3269147437e-09
3.33499916572e-09
3.33689254006e-09
3.3424039092e-09
3.33706462463e-09
3.34085314968e-09
3.34464411722e-09
3.33585936652e-09
3.33224581262e-09
3.38440320213e-09
3.43417072557e-09
3.4413347727e-09
3.45358386333e-09
3.45989170647e-09
3.46164474863e-09
3.46585427025e-09
3.47709239179e-09
3.48289397323e-09
3.48095974267e-09
3.48799655825e-09
3.49627393703e-09
3.48623641067e-09
3.49063733474e-09
3.49186968229e-09
3.49574524883e-09
3.4959213302e-09
3.5042082569e-09
3.50438456032e-09
3.50950268846e-09
3.50703155405e-09
3.50138606997e-09
3.5132114995e-09
3.51232820606e-09
1.64035984795e-09
4.72856531708e-10
4.71820194026e-10
4.70979033551e-10
4.73245442834e-10
4.73764250053e-10
4.73569683468e-10
4.77273609523e-10
4.77794637188e-10
4.80403938852e-10
4.76102379743e-10
4.44017905776e-10
4.13234252372e-10
4.13234252372e-10
4.14022205408e-10
4.12507583647e-10
4.14871609289e-10
4.17973211597e-10
4.18826640036e-10
4.14750234157e-10
4.23168250441e-10
4.2292302993e-10
4.26977786461e-10
4.30866231582e-10
4.34026953267e-10
4.35642744101e-10
4.38883346332e-10
4.40508157729e-10
4.38259206703e-10
4.39945357922e-10
4.37386210583e-10
4.38134445391e-10
4.39133091001e-10
4.43578396236e-10
4.43515668636e-10
