2.09791096495e-06
1.52218456151e-06
1.70522446297e-06
1.66495999565e-06
1.58431339514e-06
1.18395007576e-06
1.26855456983e-06
1.53305825279e-06
1.53961866545e-06
1.63220522609e-06
1.77408878699e-06
1.42777241763e-06
1.73292039563e-06
1.57158501679e-06
1.60152546869e-06
1.38549978601e-06
1.6704096879e-06
1.37639403874e-06
1.36606422529e-06
1.38244240588e-06
1.17824970403e-06
9.95758796307e-07
1.02154672277e-06
9.62565877671e-07
1.1311376511e-06
1.09878851617e-06
1.33382059175e-06
1.28761075757e-06
1.14987733468e-06
1.0497153653e-06
1.18070954613e-06
1.34895265091e-06
1.14624981506e-06
8.41861378831e-07
1.28504188979e-06
1.05010622065e-06
9.52882828642e-07
1.18063178434e-06
1.13347164188e-06
1.22516155443e-06
1.02975627669e-06
1.24022335513e-06
1.25722112898e-06
1.18794855553e-06
1.45646060901e-06
1.28617728024e-06
1.09117922875e-06
1.57310978466e-06
1.47449941323e-06
1.67127245732e-06
1.35144591695e-06
1.58563420882e-06
1.44110754263e-06
1.29850945996e-06
1.42973874517e-06
1.6045440816e-06
1.33382059175e-06
1.61716252478e-06
1.61755656336e-06
1.64108098488e-06
1.41552027344e-06
1.6167987269e-06
1.3757509123e-06
1.3148888911e-06
1.61607113114e-06
1.10557175503e-06
1.35807829338e-06
1.53834685079e-06
1.50522998865e-06
1.22632309285e-06
1.32359718918e-06
1.5487141809e-06
1.77904610155e-06
1.66859206274e-06
1.25305416532e-06
1.457726853e-06
1.67321491062e-06
1.67574467014e-06
1.28761075757e-06
1.53902715283e-06
1.36840594678e-06
1.37810081924e-06
1.52003804033e-06
1.11743577236e-06
1.64909306477e-06
1.44082139286e-06
1.72348620708e-06
1.62219930644e-06
1.74247475115e-06
1.76653895778e-06
1.77812410129e-06
