1.55714374728e-07
1.79142759293e-07
1.24627632658e-07
1.59462274496e-07
1.82844942742e-07
1.2219871337e-07
1.05392857108e-07
1.47536070472e-07
1.02007113867e-07
1.36275716045e-07
1.56911482918e-07
1.35169003102e-07
1.10135530917e-07
1.68978033344e-07
1.53315198759e-07
1.48683014345e-07
1.54512449058e-07
1.70234855545e-07
1.91895139778e-07
1.54456216706e-07
1.42911588341e-07
1.30761407036e-07
1.70215187723e-07
1.42920612234e-07
1.16996297095e-07
1.46420944702e-07
1.36707328124e-07
1.29668762838e-07
1.39533852916e-07
1.44049494111e-07
1.29625846057e-07
1.15995383965e-07
1.26443808313e-07
1.39596210147e-07
1.24383674915e-07
1.26435338643e-07
1.41859004543e-07
1.22232052036e-07
1.00248144008e-07
1.35160235004e-07
1.75238795919e-07
1.36266919526e-07
1.2971169383e-07
1.45291863873e-07
1.56902046911e-07
1.8548468006e-07
1.72802103293e-07
1.54578046363e-07
1.3188459036e-07
1.36266919526e-07
1.24366849263e-07
1.4872898646e-07
1.66585408579e-07
1.35169003102e-07
1.45291863873e-07
1.7403323227e-07
1.4643919144e-07
1.24375262089e-07
1.34075520464e-07
1.59329005101e-07
1.6660487745e-07
1.34066794999e-07
1.20173581308e-07
1.3738694804e-07
1.76518639705e-07
1.7526873819e-07
1.28640579078e-07
1.37360430585e-07
1.52224899352e-07
1.81542333166e-07
1.17077860295e-07
1.47572706055e-07
1.49889771706e-07
1.44158107673e-07
1.58179574328e-07
1.35169003102e-07
1.18099812596e-07
1.3188459036e-07
1.43001742003e-07
1.27548346995e-07
1.15451967986e-07
1.21208927339e-07
1.25436955045e-07
1.32977802991e-07
1.28640579078e-07
1.40711918561e-07
1.22265390701e-07
1.42983708429e-07
1.45264607454e-07
1.37351605645e-07
1.18075242028e-07
1.32960408905e-07
1.34084260139e-07
1.41894929584e-07
1.3738694804e-07
1.29720277187e-07
1.60463514476e-07
1.25428513797e-07
1.36284512564e-07
1.36275716045e-07
1.24745497487e-07
1.34075520464e-07
1.3189324477e-07
1.25420058339e-07
1.43019775578e-07
1.36275716045e-07
1.19150897149e-07
1.0900697589e-07
1.36293323294e-07
1.27573898112e-07
1.36302119813e-07
1.44167159988e-07
1.32960408905e-07
1.22273732472e-07
1.46448314808e-07
1.39622940765e-07
1.36284512564e-07
1.32960408905e-07
1.21242138107e-07
1.36284512564e-07
1.28649119802e-07
1.23309703781e-07
1.2225706314e-07
1.24375262089e-07
1.29728874754e-07
1.17069703265e-07
1.0900697589e-07
1.2225706314e-07
1.21225525618e-07
1.26503167053e-07
1.17077860295e-07
1.17077860295e-07
1.15031099313e-07
1.15031099313e-07
1.23318073975e-07
1.23309703781e-07
1.26520120602e-07
1.44167159988e-07
1.26503167053e-07
1.19134448084e-07
1.40747701494e-07
1.3189324477e-07
1.2225706314e-07
1.23326444168e-07
1.23309703781e-07
1.2225706314e-07
1.15031099313e-07
1.25428513797e-07
1.23326444168e-07
1.27556859297e-07
1.38502684877e-07
1.24366849263e-07
1.24366849263e-07
1.35169003102e-07
1.18099812596e-07
1.20173581308e-07
1.40747701494e-07
1.15031099313e-07
1.32986500034e-07
1.16052227384e-07
1.30795882569e-07
1.0900697589e-07
1.27573898112e-07
1.21225525618e-07
1.16052227384e-07
1.14014483188e-07
1.35186525085e-07
1.22273732472e-07
1.24366849263e-07
1.22265390701e-07
1.14014483188e-07
1.56968155807e-07
1.21217240689e-07
1.23309703781e-07
1.16052227384e-07
1.35177771199e-07
1.29703110474e-07
1.15031099313e-07
1.22265390701e-07
1.20173581308e-07
1.18099812596e-07
1.17069703265e-07
1.34092985604e-07
1.20173581308e-07
2.14907416307e-07
1.52234193251e-07
1.42992718111e-07
1.49880548861e-07
1.53408549863e-07
1.3189324477e-07
1.22273732472e-07
1.16052227384e-07
1.27573898112e-07
1.17077860295e-07
1.19142669064e-07
1.61707490065e-07
1.54559316456e-07
1.32977802991e-07
1.41876967064e-07
1.52215591243e-07
1.38520420023e-07
1.41885948324e-07
1.61707490065e-07
1.55742583274e-07
1.35186525085e-07
1.11994793883e-07
1.17069703265e-07
1.17069703265e-07
1.32977802991e-07
1.26494683172e-07
1.22265390701e-07
1.15031099313e-07
1.34084260139e-07
1.30804508558e-07
1.2225706314e-07
1.13002386115e-07
1.29720277187e-07
1.21217240689e-07
1.212006282e-07
1.20173581308e-07
1.28640579078e-07
1.23309703781e-07
1.41867985803e-07
1.17069703265e-07
1.24366849263e-07
1.24366849263e-07
1.29720277187e-07
1.30795882569e-07
1.3189324477e-07
1.25436955045e-07
1.32986500034e-07
1.32977802991e-07
1.30804508558e-07
1.41885948324e-07
