8.23696999497e-10
2.41407427382e-09
2.51458032174e-09
3.75242281692e-09
2.43561104618e-09
2.33357977386e-09
2.35263053483e-09
2.01573802094e-09
4.17130913144e-10
5.73153802197e-10
2.23794738297e-09
2.26007546011e-09
2.44724307485e-09
2.81427992022e-09
4.81892137305e-10
2.2831361246e-09
2.62059951517e-09
1.66740978663e-11
2.57265853065e-09
4.8290624971e-11
2.73840461418e-09
2.93307089727e-09
1.04208919272e-09
2.59531107716e-09
6.87837509172e-10
8.27854104712e-12
2.93912316707e-09
1.20564702666e-09
4.54593871227e-12
1.04312758431e-09
2.25110260293e-11
5.06786210219e-11
1.72157982314e-11
3.53763285332e-09
3.02837754873e-09
3.04076652746e-09
3.60399110555e-09
1.05240094417e-09
2.80730216851e-09
2.72244649047e-09
3.40943961952e-09
3.25339133411e-09
3.29513616393e-09
3.07346703643e-09
3.28767213453e-09
3.16632364772e-09
2.6841322498e-09
2.72972844328e-09
3.42925132735e-09
3.04482639102e-09
9.8419006278e-10
1.79259751487e-09
4.52260812134e-10
3.35686228814e-10
4.52858972544e-10
3.61937230187e-10
4.80491424426e-10
3.76937286939e-10
1.31909916323e-09
2.48187115304e-09
3.46347311941e-10
2.37691821781e-09
4.37696906497e-10
2.07428252352e-09
2.27821095322e-09
1.78039406135e-11
1.04305297732e-09
3.69216907048e-10
1.47369960679e-09
1.24953880576e-09
7.20219578421e-11
3.89724572059e-11
1.43132077371e-11
2.35120989345e-09
2.28949326164e-09
1.03206332369e-09
1.21963239508e-09
1.16557696828e-09
4.05225852873e-11
8.80758188604e-10
4.77515749164e-10
1.45368617144e-09
9.31459909204e-10
9.01896779482e-10
7.88585641232e-10
1.19228626971e-09
9.00259922165e-10
2.20018625541e-09
9.1200147434e-10
1.15605913731e-09
9.80738934508e-10
9.95814430915e-10
7.30846883013e-10
4.35605822247e-11
1.12517994921e-09
9.76909220185e-10
4.01144603646e-11
2.97605343147e-11
1.17537757305e-09
1.04266362211e-09
3.72593518538e-11
4.87055812348e-11
5.18947551598e-10
6.19605700081e-10
2.15393569647e-09
1.09834297213e-09
3.42242588436e-11
4.33294955471e-10
4.08136913155e-10
6.18944825947e-11
4.59390303575e-10
4.59405097297e-10
4.73065753237e-10
5.70937221112e-12
4.81549244924e-10
6.00606647749e-11
1.0047130905e-09
3.14096977594e-11
5.39902775265e-11
4.62296978476e-10
2.50904626936e-11
1.02500818944e-09
7.49445921988e-11
2.58848966567e-11
3.27418092638e-11
3.99843318177e-11
2.33617075338e-12
2.5092091599e-11
2.3074309824e-11
4.95895269292e-10
2.59729425467e-11
1.83272390319e-11
3.90202384293e-11
4.9314813344e-10
2.42202976425e-11
4.0916639521e-10
1.91746288986e-11
4.67024335871e-11
5.44638778521e-10
3.85137560732e-10
3.35394004236e-11
1.88751896057e-11
3.16873124961e-11
4.16728485053e-10
6.46415976302e-11
2.68413156285e-11
5.06178215662e-12
6.17164999661e-11
5.59871767003e-12
4.43953873663e-10
1.22589768198e-11
1.9484133057e-11
2.79236460343e-11
8.47927370679e-12
1.08009612365e-09
4.48775405726e-10
1.79693655789e-11
5.93459795195e-11
5.544403478e-12
2.81126805862e-11
4.53676513024e-10
1.13213505237e-09
5.42190015107e-10
4.11193691943e-12
1.40078851296e-11
1.10401665587e-09
8.45301328933e-10
2.44268858612e-11
7.67714451039e-12
5.2332399525e-10
4.64770583131e-10
1.18746523031e-11
7.78431138992e-12
1.04268982337e-09
9.55636347832e-10
1.05217123902e-09
1.15695752978e-09
9.0726587354e-10
1.13925613388e-09
8.15705315793e-12
5.08873387872e-10
1.04877639906e-09
1.23259924489e-09
1.08590936243e-09
5.51819867578e-10
1.14642739746e-09
3.88162800513e-11
1.50576339591e-11
9.55697587041e-12
1.07585029774e-09
4.97631547081e-10
1.04482933416e-09
1.14287257436e-09
5.0287485287e-10
1.36171683738e-12
9.64340274301e-10
9.92007143097e-10
1.10019982014e-09
2.60145305297e-09
1.11451869955e-09
1.11779840939e-09
1.15749521079e-09
1.21513476364e-11
4.96791410093e-12
1.08324504922e-09
1.04101671727e-09
9.63587765135e-10
7.06168568065e-10
1.01358199611e-09
9.31562493811e-10
1.0642249304e-09
1.06758291096e-09
6.22457418942e-10
9.17007636492e-10
9.34212818215e-10
8.46667458365e-10
4.5709282713e-12
7.99208088598e-10
1.65968506299e-11
4.65290500573e-10
8.5654533466e-10
7.6142192551e-10
1.28576151462e-11
9.08237152153e-10
5.54700174682e-10
8.95286720193e-13
8.74194383549e-10
2.12311279668e-11
7.28151428042e-10
8.85771436667e-13
1.86752297654e-11
1.05415032259e-09
5.65845259537e-10
8.52496018222e-10
8.99119056985e-10
4.45089798351e-10
4.42945853607e-12
8.17375681028e-12
8.057606804e-10
2.31286235823e-12
8.74885996982e-10
9.80069470025e-10
8.36004269283e-12
5.42916406276e-12
1.02033259619e-09
5.22260679148e-10
7.846214789e-10
5.94771931359e-12
8.79986694624e-10
5.53963306213e-16
6.04889527356e-10
4.81450435075e-10
1.75444070892e-14
9.07332455696e-12
7.90161214237e-10
5.52908023185e-12
