1.56424096076e-06
1.78531638539e-06
1.62144033311e-06
6.479872809e-06
1.42148348914e-06
6.56475185679e-06
1.58074431056e-06
1.14163424314e-06
1.20995571251e-06
1.24599171158e-06
1.25615201796e-06
1.15036311854e-06
1.69546240159e-06
1.1712468222e-06
9.49604157086e-07
1.43798956742e-06
1.44517457557e-06
1.47725108945e-06
1.42253531976e-06
1.49538857386e-06
1.16305591291e-06
1.26203769923e-06
1.11054089302e-06
1.04390960587e-06
1.33326989271e-06
1.23171503219e-06
1.17111778764e-06
1.11650354029e-06
1.35657842293e-06
1.3073268974e-06
1.47910611759e-06
1.13941905511e-06
1.08359631668e-06
1.29611976263e-06
1.2914282479e-06
1.12233055916e-06
9.56074018177e-07
1.24660391521e-06
1.30708156121e-06
1.38797042837e-06
1.24860116557e-06
1.37357039875e-06
1.15433010706e-06
1.19878336591e-06
1.39522671816e-06
1.06019626855e-06
1.31718638841e-06
1.07307425878e-06
1.32551792831e-06
1.39629719342e-06
1.04432376702e-06
1.19008041111e-06
1.33966443627e-06
1.36147025387e-06
1.33919547807e-06
1.28577175929e-06
1.09347161015e-06
1.20233607959e-06
1.20882828014e-06
1.07745017885e-06
1.41169357448e-06
1.40569432006e-06
1.25372162074e-06
1.39891835715e-06
1.53695737026e-06
1.43564614064e-06
1.40380109315e-06
1.57212298291e-06
1.48003425693e-06
1.5318480564e-06
1.30525597797e-06
1.16035766951e-06
1.4207729464e-06
1.53418022819e-06
1.39818530442e-06
1.23060397073e-06
1.59125329446e-06
1.58848752108e-06
1.63388085639e-06
1.93688674699e-06
1.60074114319e-06
1.60813999628e-06
1.59688215717e-06
1.68634767306e-06
1.78722825694e-06
1.6218654082e-06
1.58845750775e-06
1.37706547321e-06
1.47765672409e-06
1.47010212004e-06
1.57299018611e-06
1.20223160138e-06
1.65899700733e-06
1.78904554105e-06
1.52845643697e-06
1.6790487507e-06
1.56576209065e-06
1.58914861004e-06
1.75932132152e-06
1.35935670187e-06
1.58314333021e-06
1.66896165865e-06
1.57996498729e-06
1.59095247909e-06
1.5480318325e-06
1.76302319232e-06
9.56703516408e-09
1.58683531026e-06
1.43733200275e-06
1.74780001583e-09
1.72032639512e-06
1.76799687779e-06
1.36924279559e-06
1.61631362516e-06
1.78675020379e-06
1.57233228038e-06
1.58818704676e-06
1.76628543613e-06
1.80352071766e-06
1.53666189817e-06
1.61691991707e-06
1.511672167e-06
1.54631186433e-06
1.77796505341e-06
1.42839928685e-06
1.57732893058e-06
1.48122353494e-06
1.65942708463e-06
1.81689711098e-06
1.45160197462e-06
1.17150477763e-06
1.60004742611e-06
1.72494996065e-09
1.42708870499e-06
2.97702174024e-09
1.29153659145e-06
1.58749605816e-06
1.49804282046e-06
1.49719676301e-06
1.49588424847e-06
1.64355606103e-06
1.67772054738e-06
4.20902923626e-10
8.89146187233e-11
1.58941907102e-06
3.27418092638e-09
1.41719442581e-06
1.26300210468e-06
1.46851266436e-06
1.45283740949e-06
1.51181870933e-06
1.65344351899e-06
1.78429706921e-06
1.63412482834e-06
1.45787078054e-06
1.90727052995e-06
1.91726030607e-06
1.73844864548e-06
1.68325288996e-06
1.78585798949e-06
1.98546626962e-06
1.75726631824e-06
1.35205584684e-06
1.62286744398e-06
3.544192273e-09
1.55744953645e-06
1.04365934298e-11
1.83161353107e-06
1.7345842025e-06
1.6681916577e-06
1.94266453946e-06
1.72956379174e-06
1.62824790095e-06
1.95287975657e-06
1.31573654016e-06
2.13178532249e-06
1.79153391855e-06
1.59847945724e-06
1.65595838553e-06
1.6110739125e-06
1.44686612202e-06
9.79216707719e-10
1.37502388498e-06
1.45674823671e-06
1.57690965352e-06
1.58368334269e-06
1.6573086441e-06
1.49871414123e-06
1.58539387485e-06
1.09439429252e-06
1.63327149494e-06
1.68944507095e-06
1.82861390385e-06
1.87543275842e-06
1.84950056337e-06
1.44634987009e-06
4.01143562812e-09
1.62638813528e-09
1.81423081358e-06
1.2307890529e-06
1.27812438411e-09
6.56285858991e-10
4.45211879516e-12
1.73731723407e-06
4.40890345066e-11
4.4041552627e-09
1.91392746274e-06
1.94558992916e-06
