3.32897798216e-09
3.29518967668e-09
3.24202997781e-09
3.16947335044e-09
3.25408944235e-09
3.28390825644e-09
3.25052007533e-09
3.28800831007e-09
3.46918871408e-09
3.23982440875e-09
3.25766058573e-09
3.2646381154e-09
3.33052585511e-09
3.29194005388e-09
3.28168847652e-09
3.25136961798e-09
3.34102545629e-09
3.41063355336e-09
3.37799122008e-09
3.32777427836e-09
3.34395444668e-09
3.27725135918e-09
3.34688476933e-09
3.30563354467e-09
3.38301608949e-09
3.37175842802e-09
3.40767547513e-09
3.50226803114e-09
3.50473761124e-09
3.43696537897e-09
3.5637355289e-09
3.46708284304e-09
3.47726802907e-09
3.48623641067e-09
3.50262063797e-09
3.51851259239e-09
3.49345508077e-09
3.45305828375e-09
3.50703155405e-09
4.61455429424e-10
3.4705931462e-09
4.76427564067e-10
3.51515461183e-09
3.51409457089e-09
3.53213769344e-09
4.99001007181e-10
3.47322726135e-09
4.80403938852e-10
3.51232820606e-09
3.41829609063e-09
4.88669604781e-10
4.75062489347e-10
4.86366502628e-10
4.58579063611e-10
3.4964500184e-09
4.64276617151e-10
4.76427564067e-10
4.89394524905e-10
3.5042082569e-09
4.06777334039e-10
4.2617756546e-10
4.15600359682e-10
3.984058361e-10
4.08160977239e-10
3.3424039092e-09
4.22739176997e-10
4.14628831269e-10
3.94903887369e-10
4.22249124554e-10
4.21759349667e-10
4.35642744101e-10
4.01146837969e-10
4.7272691317e-10
4.22004181599e-10
3.41986439167e-09
4.31113700294e-10
4.78185546715e-10
3.93542892718e-10
4.4025796897e-10
4.29135837976e-10
4.01505079184e-10
4.11358336283e-10
3.41881878363e-09
4.29876995112e-10
4.51332415885e-10
4.51459064577e-10
4.58004828507e-10
