2.89627299921e-09
2.85297119262e-09
2.94588287097e-09
2.93683166674e-09
2.9289233261e-09
2.95219471091e-09
3.10006065263e-09
2.94766255848e-09
2.95170909936e-09
2.94378055266e-09
2.99395708225e-09
2.97182056741e-09
2.97442048769e-09
2.92698820736e-09
2.64610444667e-09
2.7832030014e-09
3.04209146762e-09
3.00407609899e-09
2.65408206523e-09
2.95770297143e-09
2.74700262537e-09
2.97133340155e-09
3.02321789825e-09
3.05904568343e-09
3.37383543325e-09
3.11185321955e-09
3.14953885194e-09
3.08249670233e-09
3.17299786445e-09
3.12116998913e-09
2.8773783356e-09
3.12416781334e-09
3.14402193169e-09
3.1315017246e-09
2.40825692721e-09
2.79689849059e-09
2.80888978743e-09
1.44769785049e-09
3.11867331959e-09
1.47572709608e-09
3.18694670653e-09
2.55175880426e-09
2.57378585111e-09
1.26367527553e-09
2.74216227503e-09
1.25046728527e-09
3.1771960618e-09
3.07406367028e-09
1.76929570994e-09
1.46829493008e-09
1.27046462239e-09
1.21499621475e-09
2.55959320405e-09
1.03741060187e-09
1.52350498883e-09
1.25986421295e-09
2.54739496164e-09
1.3673157051e-09
1.16147680362e-09
9.62502078039e-10
1.83980886082e-09
1.35994215889e-09
1.86765269916e-09
1.38644684622e-09
9.63611856974e-10
1.36687494656e-09
1.18351894951e-09
9.71491553869e-10
1.65960789555e-09
1.37183764348e-09
8.97171670289e-10
1.65342173286e-09
2.4788209263e-09
1.60076951694e-09
1.4717228547e-09
1.86391968526e-09
9.96451476887e-10
1.03587538547e-09
1.37891120744e-09
1.1566066993e-09
2.20771623205e-09
1.03990793754e-09
1.44849165995e-09
1.20928944636e-09
1.44361866905e-09
