1.7030842292e-09
1.60608681909e-09
1.63503166561e-09
1.81165249469e-09
1.87627224868e-09
1.89013382723e-09
1.70005420852e-09
1.72813541255e-09
1.80937353988e-09
1.80476167344e-09
1.84071247133e-09
1.842283881e-09
1.88891413622e-09
1.7725312329e-09
1.78619663505e-09
1.73936343106e-09
1.84653103918e-09
1.8227869214e-09
2.06777150957e-09
1.7563949184e-09
1.85567439193e-09
4.5413875438e-10
1.88382398569e-09
1.65291180743e-09
1.88676962942e-09
1.89030435749e-09
1.80533077376e-09
1.79913606235e-09
1.88822646408e-09
1.71567471341e-09
1.61639568397e-09
1.5809666909e-09
4.06095240768e-10
1.95312432894e-09
1.68555491786e-09
1.73107583823e-09
1.9191570555e-09
1.67719937938e-09
3.40264705301e-10
1.67592939526e-09
4.03170385965e-10
4.10237288584e-10
1.98536009854e-09
1.66222613451e-09
3.08560982321e-10
1.77333903117e-09
1.78485703994e-09
4.27897967059e-10
1.77664660761e-09
1.91301041674e-09
1.70857583637e-09
5.32236477113e-10
1.76251058193e-09
1.80632342417e-09
4.26728957725e-10
3.57044283028e-10
1.76266667928e-09
1.65862190649e-09
4.11549794244e-10
3.73416020327e-10
3.88708093491e-10
4.28302532329e-10
3.78737485818e-10
1.59211821504e-09
3.61014801387e-10
4.38926006652e-10
4.11492395713e-10
3.88657522832e-10
4.40163960835e-10
4.09610345642e-10
1.84277804127e-09
1.74587155843e-09
1.57593216255e-09
3.64480806647e-10
4.07702566152e-10
4.05999456277e-10
3.81196491039e-10
1.64529423419e-09
4.12507167313e-10
3.53313323043e-10
3.5762229289e-10
1.71652814185e-09
3.32095489997e-10
3.83864495745e-10
3.38219507956e-10
4.033878509e-10
3.89486387586e-10
1.64613378484e-09
4.31247842991e-10
3.15653281291e-10
4.46231884776e-10
3.84655113317e-10
4.31665536649e-10
3.929646053e-10
1.80352366375e-09
1.79890591312e-09
3.72440356333e-10
1.92793292442e-09
4.1480416324e-10
4.04134892218e-10
4.52989118438e-10
4.11166628522e-10
3.78580944371e-10
4.11808892542e-10
4.37760772076e-10
4.69145389204e-10
5.2902926484e-10
3.84951237553e-10
4.09341643914e-10
1.92979099367e-09
1.78167369747e-09
1.66984548411e-09
3.81855325138e-10
2.02983541087e-09
1.66110070143e-09
1.98915062199e-09
2.04036854079e-09
1.83523640729e-09
1.84161563777e-09
1.89764781666e-09
4.28399288266e-10
4.57850757307e-10
1.71361647094e-09
1.84701431927e-09
1.73180336738e-09
1.7802113117e-09
1.88929782929e-09
1.8151605774e-09
4.59536297903e-10
4.66015004363e-10
1.63556201915e-09
5.38235678249e-10
1.92914884067e-09
1.81429804513e-09
4.72841099608e-10
