6.17096489464e-08
8.08650497675e-08
7.54633191491e-08
7.30788016767e-08
6.79421106042e-08
7.54567750505e-08
6.75170781506e-08
7.73845769686e-08
7.30465785637e-08
6.97940691907e-08
7.78695010695e-08
9.81530874355e-08
9.38101507586e-08
9.59693338132e-08
8.59529691866e-08
8.34068245581e-08
8.90524702868e-08
8.69730030217e-08
9.01085783767e-08
8.44220693352e-08
8.64674873924e-08
1.01470988056e-07
8.4928522881e-08
7.79327180567e-08
8.59529691866e-08
8.08955604725e-08
9.16899693948e-08
9.54272394438e-08
9.22213629906e-08
1.08272217858e-07
8.4928522881e-08
8.39102298755e-08
8.44220693352e-08
8.74941008533e-08
9.43513072116e-08
9.06246100385e-08
9.70618572183e-08
8.74941008533e-08
8.39136760078e-08
8.08921711837e-08
9.01085783767e-08
9.11529127734e-08
8.85338522494e-08
9.0635374761e-08
9.87028698773e-08
8.64534754896e-08
9.27361369918e-08
9.54309200552e-08
8.90560301059e-08
9.43622922023e-08
9.27470296119e-08
8.13879310613e-08
8.95797498401e-08
9.38138029483e-08
8.38998701624e-08
1.18276041405e-07
1.15298099956e-07
1.03144863317e-07
1.03700749321e-07
1.06545392953e-07
1.17069703265e-07
1.048363103e-07
9.9784429608e-08
1.18879469824e-07
1.05408332729e-07
9.75936771397e-08
1.03129551121e-07
1.048363103e-07
3.78570547355e-07
1.07700280694e-07
1.03144863317e-07
1.03137210772e-07
1.10590960389e-07
1.08833873469e-07
1.05970286768e-07
9.92354003415e-08
1.05974159226e-07
1.12926265672e-07
1.15290006875e-07
1.09424576067e-07
3.79480582069e-07
4.09171491356e-07
1.0369691239e-07
1.0884959778e-07
1.05974159226e-07
1.15873611151e-07
1.02018539394e-07
3.83810885296e-07
1.08272217858e-07
1.20082688682e-07
1.20090945188e-07
1.13511887889e-07
1.08252606879e-07
4.10262629202e-07
3.95823292365e-07
1.1886303497e-07
1.03700749321e-07
1.11747596065e-07
1.16474957679e-07
1.09420632555e-07
1.07110352587e-07
1.12930266027e-07
3.9805397023e-07
1.08833873469e-07
1.20095080547e-07
4.01362569846e-07
1.22532313185e-07
1.13495822518e-07
1.18280141237e-07
1.18276041405e-07
1.11162563599e-07
1.19480318972e-07
1.16470893374e-07
1.21300260503e-07
1.24977177052e-07
1.17065631855e-07
1.16479021983e-07
1.16470893374e-07
1.13515909561e-07
1.08252606879e-07
1.09420632555e-07
1.14691729891e-07
1.24989824712e-07
1.15881718443e-07
1.06560953839e-07
1.16491229107e-07
1.07696365603e-07
1.00921113244e-07
1.01474782355e-07
1.11170514572e-07
1.07129864091e-07
1.10590960389e-07
1.08857463488e-07
1.07700280694e-07
1.09997110087e-07
1.01470988056e-07
1.20707269957e-07
1.15298099956e-07
1.14107088223e-07
1.13511887889e-07
1.14711909305e-07
1.0713766585e-07
1.09428519579e-07
1.17081945916e-07
1.25622790392e-07
1.16487164803e-07
1.14699808762e-07
1.05408332729e-07
1.11759547394e-07
1.182883409e-07
1.13519917022e-07
1.11174486506e-07
1.07700280694e-07
1.14699808762e-07
1.11743602815e-07
1.12922251105e-07
1.31266247649e-07
1.15298099956e-07
1.14115138672e-07
1.11170514572e-07
1.17690504453e-07
1.12926265672e-07
1.14699808762e-07
1.12930266027e-07
1.16487164803e-07
1.17690504453e-07
1.21911341466e-07
1.12930266027e-07
1.17081945916e-07
1.26248892229e-07
1.17073788886e-07
1.12934273488e-07
1.21312709211e-07
1.22536491176e-07
1.27484497625e-07
1.19488561268e-07
1.27484497625e-07
1.27488746671e-07
1.21923832808e-07
1.25614349145e-07
1.17686411727e-07
