9.53793701797e-08
7.40098542451e-08
8.89884574917e-08
7.21312218843e-08
6.21487075136e-08
6.93350159509e-08
7.69110926058e-08
6.70439916917e-08
6.83996432826e-08
6.75046862852e-08
6.62622667846e-08
6.41618314035e-08
6.56866205873e-08
8.03539776939e-08
8.28534467701e-08
7.64159935329e-08
8.08447140344e-08
8.33310949133e-08
7.64258771824e-08
7.49631183794e-08
7.98445327632e-08
7.59323413035e-08
7.64258771824e-08
8.38480787024e-08
8.33414190993e-08
8.69167635642e-08
7.83692755135e-08
7.93333398974e-08
8.23292793939e-08
8.48660022257e-08
8.03370880931e-08
7.07388991827e-08
7.93434153934e-08
7.83525990755e-08
7.73945245669e-08
7.83559315209e-08
7.73978428015e-08
7.7862843284e-08
7.49761710495e-08
8.09091247334e-08
7.98377897127e-08
1.15290006875e-07
9.86991182117e-08
9.0635374761e-08
1.06553173396e-07
9.1163713023e-08
9.59693338132e-08
1.12342149805e-07
9.16935789519e-08
8.64709974735e-08
8.95904577192e-08
9.11529127734e-08
9.22177392226e-08
1.03156352793e-07
8.90560301059e-08
8.64709974735e-08
8.34033713204e-08
9.32887544991e-08
9.43513072116e-08
8.85373978576e-08
1.00365184608e-07
9.11457149755e-08
9.38868396361e-08
9.65240829487e-08
1.02594292173e-07
9.48976861537e-08
8.64604885464e-08
9.06389701072e-08
1.00996864205e-07
8.69730030217e-08
4.11592310456e-07
3.94908852286e-07
4.10438246945e-07
3.93808392118e-07
4.2059673433e-07
3.89436792148e-07
3.92672120597e-07
3.97106845185e-07
4.02670167432e-07
3.94908852286e-07
4.07099975064e-07
3.9836987753e-07
3.87230471688e-07
3.92716941633e-07
4.09179079952e-07
4.11584665017e-07
4.09339264706e-07
3.92694516904e-07
4.11737630657e-07
4.04730343462e-07
4.02639898311e-07
4.19461031242e-07
3.98038906724e-07
3.95066166448e-07
4.05982689244e-07
4.22857254989e-07
4.21571428433e-07
4.01536283334e-07
4.11576991155e-07
4.03745048061e-07
4.11714694337e-07
4.11722311355e-07
4.23989803267e-07
3.99326012257e-07
3.98196874585e-07
4.07092386467e-07
4.19461031242e-07
4.10453537825e-07
4.04851704161e-07
4.07099975064e-07
4.09499449461e-07
4.01521162985e-07
4.28581870437e-07
4.13974220237e-07
4.28597473956e-07
4.10430629927e-07
4.18334565211e-07
4.18326862928e-07
4.11576991155e-07
4.25147163696e-07
4.22857254989e-07
4.27435452366e-07
4.33159470958e-07
4.25147163696e-07
4.27279587711e-07
4.28574082889e-07
4.37643109308e-07
4.13675138589e-07
4.09308739791e-07
4.12525878346e-07
4.10453537825e-07
4.3779294856e-07
4.26298328193e-07
1.09436406603e-07
1.19492682416e-07
1.08272217858e-07
1.0713766585e-07
1.04844026794e-07
1.15379073407e-07
1.10594925218e-07
1.18284241069e-07
1.10598897152e-07
1.11759547394e-07
1.14691729891e-07
1.04844026794e-07
1.2624042256e-07
1.20095080547e-07
1.17682319001e-07
1.17090102947e-07
1.10598897152e-07
1.16487164803e-07
1.28110940523e-07
1.32534765385e-07
1.20090945188e-07
1.19488561268e-07
1.10590960389e-07
1.13515909561e-07
1.23150670106e-07
1.15893897146e-07
1.18887690803e-07
1.10012926768e-07
1.16487164803e-07
1.18276041405e-07
1.20694835459e-07
1.32534765385e-07
1.20103337053e-07
1.18887690803e-07
1.21923832808e-07
1.23154862308e-07
1.12926265672e-07
1.17086017326e-07
1.17086017326e-07
1.20707269957e-07
1.23766398019e-07
1.29351306555e-07
1.18887690803e-07
1.20095080547e-07
1.33177849193e-07
1.23142314123e-07
1.18895911783e-07
1.24994031125e-07
1.26863810124e-07
1.36381345328e-07
1.25622790392e-07
1.3125760745e-07
1.36381345328e-07
1.27484497625e-07
1.29995214593e-07
1.26244657395e-07
