4.27778701351e-10
6.35082542111e-10
5.50110179631e-10
6.05102745688e-10
5.82733861165e-10
7.13521408624e-10
6.42161934739e-10
5.69287172958e-10
6.75511535597e-10
6.00273941664e-10
6.04809591298e-10
4.86629458951e-10
5.73704361795e-10
4.96275243123e-10
5.7071020132e-10
6.52017329017e-10
6.69946098597e-10
5.49271683692e-10
4.49245474154e-10
5.05345543189e-10
5.23868948221e-10
7.11453063129e-10
4.9680648484e-10
5.46063472218e-10
1.07684638984e-09
1.20752829957e-09
1.20152920946e-09
9.89314519195e-10
1.09985254237e-09
1.20173582197e-09
1.14175546795e-09
1.05679431872e-09
1.16381404514e-09
1.11373310574e-09
1.09570530427e-09
1.07137665406e-09
1.0894007918e-09
1.07352382539e-09
1.07098652169e-09
1.08389930364e-09
1.09886433286e-09
1.14498022175e-09
1.13612319552e-09
1.21395771213e-09
1.15528941969e-09
9.92692039681e-10
1.11691800253e-09
9.90439730231e-10
1.39622924333e-09
1.4536003512e-09
1.40336542387e-09
1.32977806544e-09
1.27173960252e-09
1.37758349172e-09
1.39689759759e-09
1.29758925826e-09
1.54943846642e-09
1.50911494412e-09
1.58981849907e-09
1.49894385792e-09
1.65124125484e-09
1.65924363138e-09
1.50494983142e-09
1.5673209397e-09
1.58269675143e-09
1.36808719908e-09
1.51676560201e-09
1.53889856414e-09
1.62855229302e-09
1.61008362198e-09
1.51862322717e-09
1.69463532096e-09
1.63746416426e-09
1.14239853133e-08
1.12330156288e-09
1.09333897491e-09
1.05137587525e-09
1.14679610252e-09
9.79962888614e-10
1.03386210704e-09
1.01858677048e-09
1.07469588784e-09
1.10420561583e-09
1.0417346985e-09
1.12010756226e-09
1.08213382699e-09
9.93443327602e-10
1.11253994906e-09
1.09688935712e-09
1.15650533594e-09
1.14598885936e-09
1.1825964652e-09
1.13130649293e-09
