0.0
6.26573237739e-10
5.89328807976e-10
5.60180013487e-10
5.50415157896e-10
5.30952948274e-10
5.22798249136e-10
5.02137942338e-10
5.61745983063e-10
5.91271198669e-10
6.10659300904e-10
6.52378484567e-10
3.77115949579e-10
4.15003698073e-10
4.55485898998e-10
4.01624122848e-10
5.06506947495e-10
4.73103833887e-10
4.72059891177e-10
4.68293626099e-10
5.81930115207e-10
6.36191210823e-10
6.47227493822e-10
5.71560521134e-10
4.85378404136e-10
5.62700996909e-10
7.04103442217e-10
1.06007713718e-09
1.05786335247e-09
5.57567325643e-10
2.05486155869e-10
7.4261326255e-11
1.00766561761e-10
1.17579224135e-10
1.22473461928e-10
1.47166792641e-10
2.39903763521e-10
2.42794978567e-10
2.40504532956e-10
2.39915726175e-10
2.38961739285e-10
2.38925518259e-10
2.38353253801e-10
2.35868102827e-10
2.38898983929e-10
2.54100379626e-10
1.22179510953e-09
1.22339294251e-09
1.24931731627e-09
2.6536134401e-10
2.64034655251e-10
2.6300200906e-10
2.65759581008e-10
2.67965510892e-10
2.66617589118e-10
2.69240602035e-10
