2.14443995894e-09
2.125832399e-09
2.27566387956e-09
2.06062233943e-09
2.68074140664e-09
1.84153681193e-09
2.15830886496e-09
1.94202698367e-09
1.8704127136e-09
2.08765227327e-09
2.66814370598e-09
2.09992556677e-09
1.34537048169e-09
2.11413886397e-09
1.95399652014e-09
2.03713135249e-09
2.28178631545e-09
2.53690402019e-09
2.5641040402e-09
2.15659134994e-09
1.57209012475e-09
9.90265203171e-10
1.87996018752e-09
1.73431979889e-09
1.90753723928e-09
2.06348760301e-09
1.96934402119e-09
2.43541631306e-09
1.82104487045e-09
1.87604443092e-09
2.45117370845e-09
2.01506855646e-09
6.99292124207e-10
2.31851626786e-09
2.09328421263e-09
1.43025336019e-09
2.81503442778e-09
1.99700544989e-09
2.78769729523e-10
1.93064253473e-09
1.2173709818e-09
1.75662917545e-09
2.62520138961e-09
2.03441508084e-09
1.56950541452e-09
1.97759630893e-09
2.16337969761e-09
1.28376631547e-09
1.92791693721e-09
2.32366614838e-09
2.14687134736e-09
4.28034647657e-12
2.158786927e-09
1.79526982169e-09
1.1773406694e-09
8.32377389237e-10
1.41880440729e-09
1.82315007535e-09
9.51508982716e-10
9.77994685236e-10
1.4074406085e-09
1.59813462464e-09
9.54162748812e-10
2.20880091995e-09
6.5802846505e-10
1.62426883055e-09
1.25722932065e-09
9.13254472046e-10
2.84101853154e-10
4.81140183251e-10
2.22018092799e-09
2.20571338971e-09
2.23301754865e-09
1.0595948563e-09
9.27450782839e-10
1.29670452154e-09
3.38560346425e-10
1.51672918669e-09
1.2259461224e-09
1.19144083488e-09
1.18382248449e-09
1.77213155261e-09
8.87645734693e-10
1.41405553933e-09
3.99435484688e-10
1.19086440709e-09
1.07936737326e-09
1.87695992082e-09
1.54034907052e-09
9.55190149199e-10
1.29038080221e-09
6.3276800466e-10
8.22578116733e-10
1.53212598164e-09
1.75839443006e-09
2.64931965255e-09
6.64966359754e-10
2.32540831036e-09
9.85775572282e-10
1.50136003629e-09
1.8929029455e-09
1.2929279869e-09
5.73217640021e-10
3.83938825177e-10
6.01433181036e-10
7.15136283524e-10
3.99645122551e-10
3.1185071192e-10
6.11088679658e-10
1.80484438506e-09
2.12459072557e-09
2.33267538619e-09
9.78467862289e-10
2.10096495756e-09
2.4170525581e-09
1.43616019077e-09
1.71663772086e-09
1.29954358385e-09
2.6431521416e-09
2.37766495381e-09
7.54059981123e-10
8.79745942761e-10
2.07460693069e-09
1.91991311738e-09
1.29602739651e-09
2.36422192934e-09
1.41285749766e-09
1.20327248165e-09
1.70590308546e-09
8.50232606542e-10
1.23624166459e-09
6.10022754532e-10
1.1795499022e-09
1.60969348961e-09
1.06252562304e-09
