3.15648551741e-09
1.80917902881e-09
1.82985138153e-09
1.53151313853e-09
1.63434965561e-09
1.36331801404e-09
1.24612942187e-09
1.03271542429e-08
1.05796447158e-08
1.0999109179e-08
1.14817613195e-08
1.02058388407e-08
9.47514244842e-09
1.82309669583e-08
1.86371789113e-08
1.73946492765e-08
1.75727485896e-08
1.8363794041e-08
1.97207157271e-08
1.82294375151e-08
1.79103167852e-08
1.79716170834e-08
1.00360235677e-08
9.49544265438e-09
1.9457347733e-08
1.55105031041e-08
8.98872354327e-09
9.99023086479e-09
9.54292023181e-09
1.79695813785e-08
8.89789930625e-09
1.75442682604e-08
2.07091961357e-08
1.00766284206e-08
1.7621625048e-08
1.72152727629e-08
1.9120150796e-08
1.00459622843e-08
1.59763704488e-08
9.63944390975e-09
1.73188325903e-08
2.05736601089e-08
1.93056717279e-08
1.92160332091e-08
1.06858051296e-08
1.88311251037e-08
2.06039594275e-08
2.02363512614e-08
1.99251015687e-08
2.01541467959e-08
2.01594616556e-08
2.04707877316e-08
2.0513770238e-08
2.03491037354e-08
1.07645270475e-08
2.06757988508e-08
1.17175611436e-08
2.03377847896e-08
1.14354641312e-08
1.27244046411e-08
2.1234503933e-08
2.16394937524e-08
2.26494325517e-08
9.74945368881e-09
2.12118180798e-08
2.48585951823e-08
2.31350867352e-08
1.20203429432e-08
1.21107088802e-08
1.15521503474e-08
1.01925685669e-08
2.40504647309e-08
2.14215045702e-08
1.35798332579e-08
1.31655566449e-08
1.25479191482e-08
