4.75257388999e-10
1.56284074571e-09
9.21435427959e-10
5.94955529287e-10
4.68073024784e-10
5.57685231328e-10
4.66655603049e-10
4.91770901778e-10
2.88553714256e-09
3.04176261956e-09
2.97100855029e-09
2.9547861935e-09
2.89739610082e-09
3.05146818924e-09
3.05574987536e-09
3.0026061637e-09
3.20008330945e-09
3.11567815992e-09
3.00080982285e-09
3.02682368059e-09
3.00930547148e-09
3.03322167383e-09
2.9836926263e-09
3.0823312791e-09
2.62636490334e-09
3.32588379059e-09
3.09923109398e-09
3.06234304581e-09
2.61964916426e-09
3.01044966733e-09
3.0600346701e-09
2.8232816085e-09
3.02387315188e-09
3.02846370204e-09
3.07770031682e-09
2.6643789397e-09
3.11451375801e-09
3.37314309817e-09
3.13800918583e-09
3.0980698007e-09
3.20683035682e-09
3.0743942947e-09
3.26106319726e-09
3.01977753914e-09
2.77377742997e-09
2.58135113285e-09
1.4752692401e-09
1.37040301329e-09
1.87667925644e-09
1.83087156547e-09
1.36236111281e-09
1.18331389132e-09
2.7722080187e-09
2.70716093986e-09
1.39600653259e-09
8.89600060283e-10
9.00119867531e-10
9.62964485929e-10
1.27003974004e-09
2.6309490142e-09
1.68446778748e-09
9.80802772332e-10
1.08674658161e-09
8.48312753376e-10
1.46932277456e-09
