0.0
1.85238320682e-07
1.69350684587e-07
1.67989639976e-07
1.72693091827e-07
1.66254721989e-07
1.57194932626e-07
1.57705812853e-07
1.51918072788e-07
1.5273694487e-07
1.51741559762e-07
1.48719792037e-07
1.46566947024e-07
1.49004961258e-07
1.46202069118e-07
1.49649878267e-07
1.56515085337e-07
1.58483146606e-07
1.67091826597e-07
1.66585408579e-07
1.63630659245e-07
1.61678727295e-07
1.66955402392e-07
1.64200173458e-07
1.61563718848e-07
1.59519402132e-07
1.56873724677e-07
1.52410990495e-07
1.47279763496e-07
1.4670389703e-07
1.44919511058e-07
1.4114152691e-07
1.37953108492e-07
1.36310916332e-07
1.35581288419e-07
1.33857369633e-07
1.34757343062e-07
1.3508136476e-07
1.33247453959e-07
1.32430628241e-07
1.3981008351e-07
1.42785438584e-07
1.42290360827e-07
1.44185264617e-07
1.48830153535e-07
1.55469848551e-07
1.58711031872e-07
1.62004837989e-07
1.64625546972e-07
1.64964291116e-07
1.57280027224e-07
1.61113604236e-07
1.67062566447e-07
1.64954613524e-07
1.64838439787e-07
1.6455784646e-07
1.6187051699e-07
1.57866821837e-07
1.5775314921e-07
1.61305067081e-07
1.67784477867e-07
1.64857794971e-07
1.5823647459e-07
1.58511625159e-07
1.60167587637e-07
1.58625553581e-07
1.5592141267e-07
1.5775314921e-07
1.60731048027e-07
1.63331847602e-07
1.57308406301e-07
1.5900560868e-07
1.62619585353e-07
1.63920120144e-07
1.62908150969e-07
1.60043569508e-07
1.59167271363e-07
1.57166581971e-07
1.55780213618e-07
1.4982516916e-07
1.49889771706e-07
1.4761850764e-07
1.46539562706e-07
1.45382770711e-07
1.40577796515e-07
1.40729810028e-07
1.41760253314e-07
1.4413095073e-07
1.42749399856e-07
1.43146039022e-07
1.44167159988e-07
1.4493765832e-07
1.45128339568e-07
1.46311492699e-07
1.48949737877e-07
1.4849921115e-07
1.51797294734e-07
1.50231500129e-07
1.50601366045e-07
1.50916108055e-07
1.52532024345e-07
1.5301661449e-07
1.5086980909e-07
1.50139101152e-07
1.49834392005e-07
1.4838897755e-07
1.43995208646e-07
1.41544887811e-07
1.42515290236e-07
1.41598718528e-07
1.42974698747e-07
1.4339872223e-07
1.45164662513e-07
1.44049494111e-07
1.45928709117e-07
1.47270625916e-07
1.49889771706e-07
1.54100362693e-07
1.53165856887e-07
1.53894518462e-07
1.511014176e-07
1.48260426158e-07
1.46539562706e-07
1.46585207972e-07
1.44312039652e-07
1.41544887811e-07
1.38431701657e-07
1.36284512564e-07
1.35011262614e-07
1.34276390895e-07
1.33587093387e-07
1.34066794999e-07
1.34040604394e-07
1.31875935949e-07
1.30683815769e-07
1.31668215886e-07
1.33927159141e-07
1.3732508819e-07
1.3732508819e-07
1.37166097147e-07
1.40837158824e-07
1.42191453278e-07
1.42191453278e-07
1.44611078667e-07
1.44466042684e-07
1.4395902781e-07
1.41526953712e-07
1.38644679737e-07
1.3925790654e-07
1.39818993716e-07
1.38218894108e-07
1.37254417609e-07
1.37272081702e-07
1.36310916332e-07
1.34652324846e-07
1.35151466907e-07
1.38032817176e-07
1.37926534194e-07
1.38964466601e-07
1.36249312277e-07
1.34906159133e-07
1.33900982746e-07
1.35792063816e-07
1.36328523581e-07
1.38538169381e-07
1.380770982e-07
1.3858254988e-07
1.39186738579e-07
1.3830754142e-07
1.40631442491e-07
1.38591417453e-07
1.45573736177e-07
1.44049494111e-07
1.42443298046e-07
1.40846111663e-07
1.44094741472e-07
1.44674544345e-07
1.42326342711e-07
1.42074611631e-07
1.42236416423e-07
1.43525141993e-07
1.37581423587e-07
1.38937792826e-07
1.39444807701e-07
1.49520786863e-07
1.5176014756e-07
1.52317923607e-07
1.58122674065e-07
1.62946633964e-07
1.64915888945e-07
1.66118667266e-07
1.65380953376e-07
1.65613727177e-07
1.65914642025e-07
1.5711934509e-07
1.57223311703e-07
1.58189052968e-07
1.5664716102e-07
1.54981393052e-07
1.55695545345e-07
1.57582746851e-07
1.61784186048e-07
1.65138644093e-07
1.7128904517e-07
1.7302019728e-07
1.6747212328e-07
1.62879274512e-07
1.60091261137e-07
1.5739351511e-07
1.53707517825e-07
1.52960637934e-07
1.48379797338e-07
1.45746611224e-07
1.42101569622e-07
1.39792248888e-07
1.38902251479e-07
1.39845738545e-07
1.39346894912e-07
1.38768996294e-07
1.39364686902e-07
1.39035577718e-07
1.39284608736e-07
1.39311296721e-07
1.36980730758e-07
1.38742350941e-07
1.394270015e-07
1.39231218554e-07
1.41168399637e-07
1.42038658169e-07
1.41966779665e-07
1.41939835885e-07
1.43678732911e-07
1.42659331459e-07
1.4587406838e-07
