5.84287507266e-10
6.13206485589e-10
5.71036107289e-10
5.32313582102e-10
5.32467625547e-10
5.67009050823e-10
8.09138346602e-12
5.3136739453e-10
1.35984090655e-09
1.31024102679e-09
1.32607280712e-09
2.50856335704e-10
1.17119502985e-09
1.31909472234e-09
1.28860788706e-09
2.8582691769e-10
2.41674569246e-10
2.72831146564e-10
1.35023792147e-09
1.19834053791e-09
1.34335698121e-09
1.19716003777e-09
1.27962196395e-09
1.27875221523e-09
1.17555820633e-09
1.2325833687e-09
1.18640108848e-09
1.29222865741e-09
1.38012745676e-09
2.69870709113e-10
3.09655356912e-10
1.30296259893e-11
2.25855528724e-10
2.70940325731e-10
2.76940692601e-10
1.98940142138e-10
2.75205525035e-10
1.30857069625e-09
2.1080165391e-11
2.36877600868e-10
1.44142620062e-09
1.3304732871e-09
2.78126882636e-10
1.3553719258e-09
3.34717975559e-10
3.07142616895e-10
1.28301080871e-09
1.46601886186e-09
1.55662449597e-09
1.5237273665e-09
3.09159475798e-10
2.76679817945e-10
3.10651449009e-10
3.14096471055e-10
3.05826364233e-10
3.31426885936e-10
