0.0
1.54901090355e-06
1.6506241991e-06
1.64615494214e-06
1.65491542248e-06
1.61119498898e-06
1.63436857292e-06
1.64306698025e-06
1.61819343703e-06
1.56167766363e-06
1.57927581768e-06
1.6192551584e-06
1.60680997396e-06
1.59534613431e-06
1.58377326898e-06
1.61043863045e-06
1.9350952698e-06
1.92400057131e-06
2.32081811191e-06
2.84223710878e-06
2.79492519439e-06
2.69988663604e-06
2.65595531346e-06
2.67565246759e-06
2.64632808467e-06
3.02777516481e-06
2.54032647717e-06
2.9344973882e-06
2.46684135163e-06
2.01828856916e-06
1.99488385988e-06
2.01080979423e-06
2.00614704227e-06
1.94004019249e-06
1.94362837647e-06
1.61355649198e-06
1.62590617947e-06
1.29487148115e-06
1.29565842144e-06
1.28350188788e-06
1.26152883695e-06
1.24152472836e-06
1.20733454878e-06
1.1798806554e-06
1.13047838113e-06
1.08027325041e-06
1.04773766907e-06
1.04349555841e-06
1.02842602701e-06
1.00111890333e-06
1.06287382096e-06
1.05649257875e-06
1.04021023617e-06
1.07965388452e-06
1.12339159841e-06
1.16869375688e-06
1.20212700949e-06
1.22249764445e-06
1.2094574231e-06
1.22901747091e-06
1.16231035463e-06
1.14079375635e-06
1.17134993616e-06
1.15000511869e-06
1.12797022211e-06
1.08767051188e-06
1.07767289137e-06
1.06066272565e-06
1.09309769414e-06
1.07599055355e-06
1.07539710825e-06
1.10775374651e-06
1.09796394554e-06
1.07552068584e-06
1.0729013411e-06
1.0992883972e-06
1.10925986974e-06
1.1002384781e-06
1.09329721454e-06
1.10053861135e-06
1.11693179861e-06
1.13070655061e-06
1.12003328923e-06
1.14617319014e-06
1.15643149456e-06
1.1632615724e-06
1.12511065709e-06
1.13192379558e-06
1.12592010737e-06
1.1534849591e-06
1.16102546599e-06
1.14000442863e-06
1.14862484679e-06
1.14323972866e-06
1.13004750801e-06
1.12779298433e-06
1.15010743684e-06
1.14446368116e-06
1.14898273296e-06
1.15289606128e-06
1.16225896818e-06
1.16673561479e-06
1.20197012166e-06
1.23152972265e-06
1.27228997826e-06
1.27815928863e-06
1.28217868678e-06
1.31694014271e-06
1.31158299155e-06
1.28263764054e-06
1.29378645397e-06
1.32258253416e-06
1.34002334562e-06
1.3792766822e-06
1.37292784075e-06
1.39052758641e-06
1.42250689805e-06
1.43273371123e-06
1.47991818267e-06
1.52609936777e-06
1.525039238e-06
1.50482048866e-06
1.48241360876e-06
1.46126967593e-06
1.48046933646e-06
1.49544689521e-06
1.48985418491e-06
1.49737184074e-06
1.46011700508e-06
1.44982152506e-06
1.46000184031e-06
1.4750205537e-06
1.47504954384e-06
1.46369154663e-06
1.4654806364e-06
1.44586260831e-06
1.44551859194e-06
1.43947659126e-06
1.47284970353e-06
1.49262007199e-06
1.49745926592e-06
1.51618985456e-06
1.52183167756e-06
1.53338305608e-06
1.53695737026e-06
1.56614987645e-06
1.57293038683e-06
1.56051578415e-06
1.52839754719e-06
1.52830921252e-06
1.50385562847e-06
1.49401864746e-06
1.49084382883e-06
1.49845141095e-06
1.50827372636e-06
1.46802153722e-06
1.43553177168e-06
1.44457283113e-06
1.47426771946e-06
1.44168006955e-06
1.46325896822e-06
1.46507647969e-06
1.4585042436e-06
1.44758314491e-06
1.42515273183e-06
1.46672186929e-06
1.51986171204e-06
1.51983226715e-06
1.5501980215e-06
1.54284498421e-06
1.52383233853e-06
1.50449875491e-06
1.50569803736e-06
1.51689437189e-06
1.52771974626e-06
1.50912296704e-06
1.51633662426e-06
1.51950894178e-06
1.4867129039e-06
1.55102941335e-06
1.56498640536e-06
1.55459451889e-06
1.57954548285e-06
1.5740967001e-06
1.5581340449e-06
1.25401527384e-06
1.24844143556e-06
1.26043119053e-06
1.26064526285e-06
1.26021700453e-06
1.2453532463e-06
1.24878772567e-06
1.26249301502e-06
1.2638596445e-06
1.2555375406e-06
1.56063504164e-06
1.52033203449e-06
1.50023231527e-06
1.49229958879e-06
1.44402849855e-06
1.45551121022e-06
1.43684610521e-06
1.41583234381e-06
1.42219414556e-06
1.44967793858e-06
1.46935065004e-06
1.48406866174e-06
1.20560616779e-06
1.17905210573e-06
1.2023100453e-06
9.4253118732e-07
9.90555236058e-07
1.00996487618e-06
7.48607419609e-07
5.27711506493e-07
5.27694226093e-07
5.47146726149e-07
