2.29104277216e-10
1.54901090355e-06
1.9782498839e-06
1.93967503037e-06
1.88131434697e-06
1.8536530888e-06
1.78824836894e-06
1.77567699211e-06
1.76188370915e-06
1.74404863174e-06
1.7626433646e-06
1.78082746061e-06
1.77539095603e-06
1.77148569946e-06
1.77231095222e-06
1.75439140548e-06
1.73166529294e-06
1.69695283603e-06
1.72354873484e-06
1.72354873484e-06
1.66157769854e-06
1.60554088779e-06
1.57589192895e-06
1.57652061716e-06
1.56779128702e-06
1.53418022819e-06
1.4956801806e-06
1.44133650792e-06
1.43299052979e-06
1.43299052979e-06
1.36489393299e-06
1.3817417539e-06
1.3982416931e-06
1.35399704959e-06
1.32724790092e-06
1.33530784296e-06
1.35141817736e-06
1.36734627176e-06
1.36734627176e-06
1.36734627176e-06
1.37510767217e-06
1.33897469823e-06
1.31874662657e-06
1.31800743475e-06
1.18034688512e-06
1.07472953914e-06
1.03266165752e-06
1.03251625205e-06
1.02584056094e-06
1.02584056094e-06
1.13240582778e-06
1.13235500976e-06
1.13639248411e-06
1.17726642657e-06
1.25607186874e-06
1.30585522129e-06
1.31751482968e-06
1.34082381464e-06
1.33701655614e-06
1.33701655614e-06
1.27859061649e-06
1.26715860915e-06
1.26327006456e-06
1.23993129364e-06
1.20979836993e-06
1.16526814509e-06
1.12898328553e-06
1.11748624931e-06
1.13921544198e-06
1.13921544198e-06
1.13189844342e-06
1.17576655612e-06
1.16400735806e-06
1.17481022244e-06
1.19005437682e-06
1.20479478483e-06
1.24599171158e-06
1.22722087781e-06
1.23155621168e-06
1.23155621168e-06
1.24641769617e-06
1.26589759475e-06
1.25847782328e-06
1.26629993247e-06
1.27753946799e-06
1.27401153804e-06
1.22835683669e-06
1.23902896121e-06
1.24593861983e-06
1.24593861983e-06
1.25028020648e-06
1.23544873532e-06
1.24290659187e-06
1.22046867546e-06
1.20927393255e-06
1.19786989217e-06
1.21339371617e-06
1.21006064546e-06
1.23287964016e-06
1.23287964016e-06
1.24788198264e-06
1.24801522361e-06
1.27894099933e-06
1.29875411403e-06
1.31100966883e-06
1.33822993575e-06
1.35360869535e-06
1.40227609791e-06
1.4147544789e-06
1.4147544789e-06
1.42259216318e-06
1.45507976868e-06
1.4759473288e-06
1.5562001181e-06
1.59056162374e-06
1.58704540354e-06
1.57463512096e-06
1.55730083407e-06
1.60046954534e-06
1.60046954534e-06
1.60016804784e-06
1.58284319696e-06
1.55331656515e-06
1.53158248395e-06
1.55739007823e-06
1.59134344813e-06
1.57831721026e-06
1.59989644999e-06
1.54361509885e-06
1.54361509885e-06
1.55652742251e-06
1.58656484928e-06
1.60820036399e-06
1.57406668677e-06
1.55718180395e-06
1.56510577654e-06
1.56516546213e-06
1.56465841883e-06
1.60762601809e-06
1.60762601809e-06
1.61582863711e-06
1.6506241991e-06
1.67741177393e-06
1.69059194377e-06
1.66729876128e-06
1.67670168594e-06
1.6677606709e-06
1.66816096225e-06
1.64691982718e-06
1.64691982718e-06
1.62049923347e-06
1.61995296821e-06
1.62469029874e-06
1.63388085639e-06
1.63430775046e-06
1.59938394972e-06
1.58137379458e-06
1.58233331149e-06
1.59071191774e-06
1.59071191774e-06
1.64221125942e-06
1.62909987012e-06
1.61604077675e-06
1.61564685186e-06
1.56385328864e-06
1.59881108175e-06
1.62089384048e-06
1.63397237429e-06
1.66883853581e-06
1.66883853581e-06
1.65915059824e-06
1.62870423992e-06
1.61913385455e-06
1.64995037721e-06
1.66763754805e-06
1.61095306339e-06
1.69046791143e-06
1.7346783352e-06
1.69443808318e-06
1.69443808318e-06
1.69903432834e-06
1.69971815467e-06
1.7127671299e-06
1.66339134466e-06
1.64603272879e-06
1.6591199028e-06
1.63281447385e-06
1.65411790931e-06
1.64477887665e-06
1.64477887665e-06
1.62259414083e-06
1.64848063378e-06
1.65709366229e-06
1.66163908943e-06
1.6391270492e-06
1.63924914887e-06
1.58227339853e-06
1.57421629865e-06
1.56534440521e-06
1.56534440521e-06
1.57334898176e-06
1.53533210323e-06
1.48953404278e-06
1.48511446696e-06
1.52309655732e-06
1.5525439494e-06
1.56114128913e-06
1.63074355441e-06
1.62150104188e-06
1.62150104188e-06
1.65286098763e-06
1.70208136296e-06
1.71620104084e-06
1.68910423781e-06
3.92238973745e-07
3.96716302475e-07
4.07632569477e-07
