6.26573237739e-10
5.96805771469e-10
5.63082802607e-10
5.49334799871e-10
5.25975318855e-10
5.22043741569e-10
5.01770847094e-10
5.15337605922e-10
5.27729471234e-10
5.31899135847e-10
5.58892765401e-10
6.68102795309e-10
8.208266844e-10
8.6694473822e-10
4.52054588207e-10
5.43328382285e-10
2.21512239107e-10
2.19587861783e-10
2.15698264805e-10
5.86304615968e-10
1.11636300204e-09
1.12897957649e-09
5.79484182861e-10
2.17273116165e-10
5.66992230944e-10
1.07525399695e-09
1.06715281056e-09
1.07015230011e-09
5.60372248604e-10
2.06274941572e-10
2.17662332602e-10
2.15113440949e-10
2.08868616847e-10
2.14374198948e-10
2.30195473794e-10
2.37273173331e-10
2.41371395093e-10
2.37447145279e-10
2.38605607494e-10
2.37867253672e-10
2.37266623015e-10
2.37256131408e-10
2.33714159137e-10
2.37968922345e-10
2.53030624231e-10
1.2276560879e-09
1.23082988246e-09
1.25953469876e-09
2.68822963889e-10
2.71235256477e-10
2.6837190803e-10
2.6837529421e-10
2.67928124131e-10
2.65051786075e-10
2.65578253833e-10
