1.0738893802e-10
1.06920014509e-10
1.15722653682e-10
1.14137949092e-10
1.14163421772e-10
1.10349195059e-10
1.19784376862e-10
1.18172013841e-10
1.23650895079e-10
1.15799606015e-10
1.13883381891e-10
1.19549647959e-10
1.18535140037e-10
1.16931228589e-10
1.05739944578e-10
1.03666311646e-10
1.03472203028e-10
1.17008583378e-10
1.06034347969e-10
1.03593494893e-10
1.06304583192e-10
9.90579007709e-11
1.08702394308e-10
9.92003285072e-11
1.03933507634e-10
1.06649009068e-10
1.04908033649e-10
1.10073866688e-10
1.08901346274e-10
1.04249726907e-10
1.04176708926e-10
1.10549652765e-10
2.95372448722e-10
2.83729512107e-10
2.61415750158e-10
2.76745071304e-10
2.72832395565e-10
2.81205086994e-10
2.54485044149e-10
2.79129913627e-10
2.81445033945e-10
2.67190991554e-10
2.7809524128e-10
2.70749200837e-10
2.70984623629e-10
2.63617599972e-10
2.75437728181e-10
2.78492950923e-10
2.67541849786e-10
2.79967049543e-10
2.76745071304e-10
2.72911165888e-10
2.79767625733e-10
2.69377881112e-10
2.70200251062e-10
2.55856086318e-10
2.68869426723e-10
2.66100891322e-10
2.64547467266e-10
2.7650715051e-10
2.60683835629e-10
2.66996175169e-10
2.63733757055e-10
2.61724225625e-10
2.65090643881e-10
2.5357302369e-10
2.64043592546e-10
2.62457583444e-10
2.69808481113e-10
2.70043515327e-10
2.64896604651e-10
2.55779841751e-10
2.65789834586e-10
2.63075922158e-10
2.74488903829e-10
2.91574014932e-10
2.7373892042e-10
2.72242006716e-10
2.53079723844e-10
2.69416988719e-10
2.98865654447e-10
2.68791211511e-10
2.67658867292e-10
2.68791211511e-10
2.75754391543e-10
2.84010703844e-10
2.78174761004e-10
2.66996175169e-10
2.76150435852e-10
2.70631517196e-10
2.64741395473e-10
2.67580846369e-10
2.81885181863e-10
2.82726397849e-10
2.81245082778e-10
2.73660039074e-10
2.70945377245e-10
2.86184548282e-10
2.77737499665e-10
2.7531904534e-10
2.69612693282e-10
2.7642785283e-10
2.79169770634e-10
2.73857270194e-10
2.76745071304e-10
2.75200390254e-10
2.71063144153e-10
2.78294054468e-10
2.81605044838e-10
3.05288461178e-10
2.81685064163e-10
2.97095958945e-10
2.94717222848e-10
3.02337904712e-10
2.914518904e-10
2.91981272493e-10
3.00723307367e-10
3.01178249007e-10
2.74488903829e-10
3.08211456357e-10
3.10854064711e-10
2.99566760287e-10
3.13423537124e-10
3.07333075655e-10
3.07667558097e-10
2.92633473009e-10
3.14775677746e-10
3.08337022581e-10
2.95823365803e-10
2.98906871476e-10
3.03250646816e-10
3.04996916611e-10
3.19701598528e-10
2.96726199167e-10
3.0804406248e-10
3.05913627763e-10
3.09552328215e-10
2.99855668073e-10
3.07542102895e-10
3.0963623332e-10
3.1068594919e-10
3.18849585623e-10
3.07876696359e-10
3.13170323007e-10
3.07458503102e-10
3.3144542666e-10
3.14564208015e-10
3.02960073695e-10
3.14691078751e-10
3.10013903437e-10
3.06330766309e-10
3.19786863656e-10
3.06163872033e-10
3.17318782361e-10
3.21409066029e-10
3.13381320893e-10
3.16130732703e-10
2.96192542715e-10
3.04996916611e-10
3.07542102895e-10
2.95659358107e-10
3.14902576237e-10
3.04414271568e-10
2.95741348078e-10
3.08378905745e-10
3.22778304085e-10
3.11106335138e-10
3.02545238862e-10
3.07416703205e-10
3.1081204277e-10
3.25396487533e-10
3.15071829737e-10
3.00681951559e-10
3.19019893835e-10
3.1279071e-10
3.04622299607e-10
3.12622067122e-10
3.05413444535e-10
3.11779546625e-10
3.16045939419e-10
3.15114184746e-10
3.11779546625e-10
3.01757813181e-10
3.13339104663e-10
2.78453177183e-10
2.73265771122e-10
2.79369000156e-10
2.72674910429e-10
2.85016094059e-10
2.8638624805e-10
2.74963135594e-10
2.63656318999e-10
2.81885181863e-10
2.69143124454e-10
2.61338645169e-10
2.78532752418e-10
2.98742031113e-10
2.81885181863e-10
2.80046846823e-10
2.81365042376e-10
2.79807510495e-10
2.91777602079e-10
2.77022765838e-10
2.92511126432e-10
2.79329115394e-10
2.90069634978e-10
2.78691930644e-10
2.90029028571e-10
2.90232116118e-10
2.74488903829e-10
2.80565765065e-10
2.94144486546e-10
3.21451809615e-10
2.98453622927e-10
2.78134987264e-10
2.90394597258e-10
2.98865654447e-10
2.94308050153e-10
2.96972668679e-10
2.80805406705e-10
2.95290514263e-10
3.19701598528e-10
2.86709128661e-10
2.72242006716e-10
3.07165931579e-10
3.0121963257e-10
3.00309999091e-10
3.04455877176e-10
2.87274593003e-10
2.81085155152e-10
2.96561941671e-10
2.85902301833e-10
2.9763042031e-10
2.93204738266e-10
2.9508570587e-10
3.000621418e-10
3.00847347035e-10
2.9763042031e-10
3.06330766309e-10
2.94348961871e-10
3.000621418e-10
3.03126107548e-10
