7.29006577327e-10
7.98750843245e-10
6.94977630999e-10
6.0940447133e-10
6.55120124815e-10
7.41483319189e-10
6.48169629081e-10
6.18220252768e-10
1.93551574768e-09
1.80493087143e-09
1.86843629457e-09
1.74774672512e-09
1.60608681909e-09
1.87627224868e-09
1.72813541255e-09
1.75074843511e-09
1.7725312329e-09
1.84653103918e-09
1.85567439193e-09
1.65291180743e-09
1.80533077376e-09
1.6768714195e-09
4.06095240768e-10
1.73107583823e-09
3.40264705301e-10
4.10237288584e-10
3.08560982321e-10
1.77664660761e-09
5.32236477113e-10
4.26728957725e-10
1.8872314822e-09
3.88708093491e-10
1.59211821504e-09
3.88657522832e-10
4.09610345642e-10
1.57593216255e-09
4.05999456277e-10
3.53313323043e-10
3.32095489997e-10
3.43623268728e-10
4.31247842991e-10
3.84655113317e-10
1.80352366375e-09
4.1480416324e-10
4.52989118438e-10
1.89019710994e-09
3.84951237553e-10
1.92979099367e-09
2.02983541087e-09
2.04036854079e-09
1.89764781666e-09
1.71361647094e-09
4.3575071329e-10
4.59536297903e-10
5.38235678249e-10
4.72841099608e-10
