1.38934717597e-06
1.65709366229e-06
1.33707169425e-06
2.35508582591e-06
1.4582451513e-06
2.83364170173e-06
1.3524715996e-06
7.49618550344e-07
1.11217468657e-06
5.61435456348e-07
5.61989452308e-07
5.57921680411e-07
4.84702923131e-07
8.79572496615e-07
4.94612777402e-07
1.00398358427e-06
2.9217343922e-07
1.32145851239e-06
1.27083808366e-06
1.09484335553e-06
7.95124265096e-07
1.14148144803e-06
9.75497641775e-07
8.74437091625e-07
1.12412465114e-06
8.32198395528e-07
6.05666741649e-07
7.24423102838e-07
5.85264217534e-07
5.85610791859e-07
1.09634061118e-06
4.49953212467e-08
9.63033699009e-07
7.84762221429e-07
3.50809045813e-07
3.62857377922e-07
3.65130119917e-07
8.51580182371e-07
2.48773176281e-07
6.75030378261e-07
8.49029959227e-07
6.68269763082e-07
5.12580356826e-07
9.2305083399e-07
7.18146054624e-07
7.54166762817e-07
1.68840870174e-07
3.82033078949e-07
5.95909398271e-07
1.05416575025e-06
7.15723558642e-07
8.9978914275e-07
3.62512793117e-07
6.97346933975e-07
5.08287826051e-07
1.13057978979e-06
4.59962677724e-07
4.98476879329e-07
8.3463618239e-07
4.72661497497e-07
2.19619280983e-07
1.09961331418e-06
8.74080456015e-07
1.01668490515e-06
1.12913528483e-06
1.30362207074e-06
1.15930492939e-06
1.37019151225e-06
6.89623561811e-07
1.01457044366e-06
6.81254221035e-07
1.1599724985e-06
5.39134362043e-07
7.82630536378e-07
6.10277083979e-07
7.13828853804e-07
4.7030408723e-07
1.04683488189e-06
1.10996313651e-06
1.24958717151e-06
9.78396087703e-07
1.19980165891e-06
1.03882473468e-06
5.193621746e-07
1.02707247152e-06
4.10713255405e-07
6.37830112282e-07
6.01036902026e-07
1.25372162074e-06
7.15259716344e-07
1.10873259018e-06
7.37898574243e-07
9.90341732177e-07
8.23304844744e-07
4.89528531489e-07
5.7933317521e-07
1.19343792448e-06
1.39990561365e-06
1.14670922358e-06
1.07043319986e-06
1.16763715141e-06
1.27272028294e-06
2.53192524724e-07
2.96792279642e-07
9.80496110969e-07
1.14005536034e-06
2.42498799707e-07
1.14492274861e-06
1.09671509563e-06
1.14554502773e-07
8.06860100511e-07
7.2022862696e-07
1.01769478533e-06
3.17964918395e-07
1.3247769175e-06
1.37950064527e-06
8.4637377995e-07
1.41532177622e-06
5.13741724717e-07
8.09882635622e-07
9.9585395219e-07
9.48976946802e-07
7.26575649423e-07
8.96670883321e-07
1.32455738822e-06
2.8007139008e-07
9.59177100412e-07
7.53193944547e-07
1.73332841769e-06
1.11448900952e-06
4.68605179549e-07
8.46680904942e-07
5.92968262936e-07
1.28037049762e-06
3.02915253769e-07
3.81031668439e-07
6.40861173906e-07
9.08358174456e-07
9.48860815697e-07
4.9743374575e-07
4.13039003888e-07
1.52092002281e-06
5.04622903463e-07
1.69615688606e-07
1.24593861983e-06
5.98101564719e-07
4.35618687789e-07
8.33634487662e-07
9.48535671341e-07
7.10710025942e-07
1.09654035896e-06
6.21353024144e-07
1.16130809147e-06
1.11494216526e-06
7.32297621653e-07
1.10213989046e-06
1.28961357859e-06
5.89814646901e-07
4.61160027498e-07
1.47180821841e-06
6.11171401488e-07
4.01098247949e-07
6.52672326851e-07
5.9765915239e-07
2.89909650064e-07
7.86833425082e-07
7.5666491739e-08
8.19091781068e-07
3.85740861475e-07
9.57589918471e-07
5.94456309955e-07
6.65855168336e-07
7.08721586307e-07
5.86194801144e-07
7.45022362025e-07
7.60931641253e-07
8.35507648844e-07
1.29102193114e-06
3.1575052617e-07
9.1858947826e-07
4.70925613172e-07
4.4277621214e-07
5.52999665615e-07
4.3875579081e-07
3.93105523244e-07
6.77481239109e-07
6.98362612184e-07
1.47160847064e-07
2.73760718983e-07
4.31004593793e-07
1.48889409957e-06
3.26450219745e-07
7.76504748501e-07
4.01898944347e-07
5.26932467437e-07
3.66933164742e-07
4.46767201012e-09
1.02273808977e-07
3.79003438411e-07
2.54501884456e-07
1.99414046165e-07
1.99605722173e-07
7.15528969408e-08
8.18034891381e-07
2.90025212735e-07
1.86440843208e-07
4.18820462755e-07
1.28717806547e-06
