6.59251497837e-08
8.56212665212e-08
8.05737698784e-08
8.22984986826e-08
7.64819105825e-08
8.11262808043e-08
7.11771122042e-08
7.9004628617e-08
7.80558906399e-08
7.63468079867e-08
9.7035865565e-08
9.84857635444e-08
9.89764501469e-08
1.01190174462e-07
9.10737512072e-08
8.70714771395e-08
9.25510903471e-08
9.33251698143e-08
9.45198195268e-08
9.10161972456e-08
9.19102944863e-08
1.24249169176e-07
9.08723976067e-08
8.41071710056e-08
9.62908970337e-08
1.03608641666e-07
9.66426370042e-08
1.03033869436e-07
9.7325731474e-08
1.12142451769e-07
9.16827502806e-08
8.65341078793e-08
1.06098376307e-07
9.12681201726e-08
9.65722364299e-08
9.20476779243e-08
1.03053004352e-07
8.92696050414e-08
8.69519141133e-08
8.37273077536e-08
9.39160713642e-08
9.43989135749e-08
8.90951739052e-08
9.39562596614e-08
9.99765674692e-08
9.16177924637e-08
1.28738932403e-07
9.57700194704e-08
9.28923071797e-08
1.02262362134e-07
9.46664755475e-08
8.63273328378e-08
9.01801655573e-08
1.37276501277e-07
8.70714771395e-08
1.59995892091e-07
1.80578553e-07
1.8539739699e-07
1.71456832732e-07
1.70043094272e-07
1.79289102675e-07
1.69272183825e-07
1.65196780699e-07
2.01324368732e-07
1.80984045528e-07
1.63196958169e-07
1.67740552115e-07
1.70643346564e-07
1.84244314028e-07
1.74775010464e-07
1.69203545397e-07
1.69360475866e-07
1.77290786496e-07
1.7468532576e-07
1.72094189566e-07
1.64572341532e-07
1.67940783058e-07
1.57048447136e-07
1.80320299137e-07
1.79218446306e-07
1.90664707134e-07
2.03582530389e-07
1.68048259752e-07
1.75848143158e-07
1.74929539298e-07
1.85623321158e-07
1.71906322066e-07
2.0823993907e-07
1.768293032e-07
1.87213743175e-07
1.64848117379e-07
1.80441801945e-07
1.75448462869e-07
2.29224838222e-07
2.03921516118e-07
1.88557223169e-07
1.71847005959e-07
1.77330946372e-07
1.85366602068e-07
1.79223476948e-07
1.90977146985e-07
1.77566960247e-07
2.02299034413e-07
1.73317843633e-07
2.07837601351e-07
2.05355974003e-07
1.91576731368e-07
1.78693966291e-07
2.00971498998e-07
1.84822965821e-07
1.96222245563e-07
1.89090769709e-07
1.87157013443e-07
1.90472164263e-07
1.94268025666e-07
1.89448613241e-07
2.30768435472e-07
2.07435618904e-07
1.97894465259e-07
1.79304237236e-07
1.59476542194e-07
1.95404609826e-07
1.98143794705e-07
2.06242873446e-07
1.08311454028e-07
1.19130326937e-07
1.08001728449e-07
1.07414876993e-07
1.04589425121e-07
1.33199606012e-07
1.10531509279e-07
1.18247342584e-07
1.10278008947e-07
1.11548430937e-07
1.14574675081e-07
1.05342550683e-07
1.25977962284e-07
1.18038379071e-07
1.19430879408e-07
1.17122738175e-07
1.16816956108e-07
1.10769434514e-07
1.16198471289e-07
1.27535571437e-07
1.32352568016e-07
1.20041377727e-07
1.19109756724e-07
1.10805139286e-07
1.12670022645e-07
1.22728522456e-07
1.15229298103e-07
1.18743876953e-07
1.09125082304e-07
1.16588900312e-07
1.17625077678e-07
1.20057904951e-07
1.32625913807e-07
1.19155018297e-07
1.1809571987e-07
1.21699159195e-07
1.22294579796e-07
1.11671887737e-07
1.16405800554e-07
1.16422071983e-07
1.21063706615e-07
1.2421133988e-07
1.30274742105e-07
1.18153081985e-07
1.19925758213e-07
1.32925649154e-07
1.23267838603e-07
1.18423677975e-07
1.24219752706e-07
1.26736466655e-07
1.35998618589e-07
1.25889116021e-07
1.30412459498e-07
1.37210250273e-07
1.28435431179e-07
1.29471388277e-07
1.25635466475e-07
