5.73445124719e-10
5.80504311287e-10
5.22127341362e-10
2.02685472572e-11
7.09352632189e-10
6.86048107212e-10
6.16487638716e-10
6.05547501031e-10
6.38429142885e-10
6.24330087629e-10
5.85970216793e-10
5.47206724377e-10
5.46592215933e-10
6.35399843851e-10
5.20382625879e-10
5.56012014208e-10
5.6400245585e-10
5.4894272461e-10
5.76217962234e-10
5.58602608614e-10
5.44561118421e-10
5.79134906697e-10
5.8914140233e-10
5.44524370039e-10
5.32476507331e-10
6.13549988593e-10
4.95949337154e-10
5.58609880574e-10
5.84287507266e-10
6.13206485589e-10
5.71036107289e-10
5.32313582102e-10
5.32467625547e-10
6.00396232731e-10
4.82097251009e-10
5.50229750651e-10
6.67999433546e-10
5.67009050823e-10
5.87520476714e-10
6.23206208861e-10
5.98275706754e-10
8.09138346602e-12
5.87630777371e-10
5.56126256157e-10
6.50411835501e-10
5.91866389232e-10
5.3136739453e-10
1.45317291186e-11
2.02956695894e-09
1.74471617709e-10
1.35984090655e-09
1.36659317196e-09
1.38443723152e-09
1.25876908896e-09
1.31024102679e-09
2.37260350255e-10
2.78817052779e-10
1.35672040269e-09
1.32607280712e-09
1.26384125387e-09
1.33589450613e-09
2.66581673403e-10
1.26811383616e-09
2.50856335704e-10
1.33536692815e-09
1.25850141419e-09
1.21401100284e-09
1.17119502985e-09
1.18373888469e-09
2.58132182296e-10
2.52432769132e-10
1.32861732727e-09
1.31909472234e-09
1.34487931902e-09
1.20532450687e-09
1.26290944369e-09
1.28860788706e-09
2.17933907032e-10
1.32971200717e-09
2.93918667182e-10
1.3390892839e-09
2.8582691769e-10
1.30702071388e-09
1.37979505599e-09
2.41674569246e-10
3.36342009799e-10
1.2486101042e-09
1.29315191888e-09
2.58196436453e-10
2.72831146564e-10
2.61670074497e-10
1.55873047802e-09
1.31223754085e-09
2.42551451146e-10
1.35023792147e-09
1.251720394e-09
1.34332533985e-09
1.35867139761e-09
1.19834053791e-09
2.78433026635e-10
1.34647770711e-09
2.87473711502e-10
1.34335698121e-09
1.2121769144e-09
1.26732546679e-09
2.7837057659e-10
2.5157434469e-10
1.19716003777e-09
1.1598170202e-09
2.46354159295e-10
1.17755716289e-09
1.27962196395e-09
1.37230693475e-09
1.3369676477e-09
1.22971821614e-09
1.27875221523e-09
1.41680644994e-09
2.64782945569e-10
1.27741428546e-09
1.17555820633e-09
1.2713163855e-09
1.17662990462e-09
2.68717159635e-10
1.23314924938e-09
1.2325833687e-09
1.48775491926e-09
1.22502930022e-09
1.4099554857e-09
1.18640108848e-09
1.31630717437e-09
1.33407174197e-09
2.41486858288e-10
2.75551109707e-10
1.29222865741e-09
1.2956051787e-09
1.40981137875e-09
1.23871835012e-09
1.38012745676e-09
1.23951016118e-09
2.60946569908e-10
1.34757816017e-09
2.69870709113e-10
1.19585574776e-09
2.24292043272e-10
1.30404620435e-09
3.09655356912e-10
1.24606458485e-09
1.36005995355e-09
2.48914999723e-10
2.83267881374e-10
1.30296259893e-11
2.69456706947e-10
2.64099603298e-10
2.48045084472e-10
2.25855528724e-10
2.3216983891e-10
2.43668835109e-10
1.39378031339e-09
1.35170818982e-09
2.70940325731e-10
1.18341725308e-09
1.37208777673e-09
1.39579769964e-09
2.76940692601e-10
1.27035915121e-09
2.84507473136e-10
2.63514932097e-10
3.00703156819e-10
1.98940142138e-10
2.41037606541e-10
2.81779849454e-10
1.37400846256e-09
2.75205525035e-10
2.8617094805e-10
2.61107080402e-10
1.32765309857e-09
1.33516098177e-09
1.30857069625e-09
1.3943518562e-09
1.25539278972e-09
1.2967625862e-09
2.1080165391e-11
1.38773947889e-09
2.47699888378e-10
1.25642851678e-09
2.36877600868e-10
1.37953304336e-09
2.7650765011e-10
2.65000826838e-10
2.31245855797e-10
1.44142620062e-09
1.21573495715e-09
1.40459210929e-09
1.41748501825e-09
1.3304732871e-09
3.19767295975e-10
2.8068919411e-10
1.32124855501e-09
2.78126882636e-10
2.52743409535e-10
2.19723850226e-10
1.36603695022e-09
1.50126655551e-09
1.3553719258e-09
2.5985449903e-10
1.33737654284e-09
3.34717975559e-10
2.4092280948e-10
1.35723254857e-09
1.31206301379e-09
1.31870681042e-09
3.07142616895e-10
3.01433100702e-10
1.45081946457e-09
3.44537315344e-10
1.28301080871e-09
3.42369549378e-10
1.38007705264e-09
1.33591782081e-09
1.46601886186e-09
3.02859765045e-10
2.47477371929e-10
1.49504120195e-09
1.33618272002e-09
1.55662449597e-09
2.41513475885e-10
2.83766954379e-10
3.27459392935e-10
1.5237273665e-09
1.3596052062e-09
1.43680267684e-09
2.69957750598e-10
3.09159475798e-10
1.31591715302e-09
2.66804939253e-10
1.40650913139e-09
2.76679817945e-10
2.93950724872e-10
3.15364789838e-10
1.25481014468e-09
3.10651449009e-10
2.76336759031e-10
1.48707679504e-09
1.35480926478e-09
2.9638302923e-10
3.14096471055e-10
1.39794309462e-09
2.54305909664e-10
1.47721523902e-09
3.05826364233e-10
2.7573854311e-10
3.22966042798e-10
2.76323991466e-10
3.32323724095e-10
3.31426885936e-10
