3.71714548919e-07
3.62979477586e-07
3.40297987123e-07
3.81502758273e-07
3.92515261183e-07
3.5459666492e-07
3.71067983451e-07
3.85992649399e-07
3.54504408051e-07
3.49771909214e-07
3.92097149415e-07
3.77749501013e-07
3.9485638581e-07
3.46592457845e-07
3.44931180507e-07
3.65130119917e-07
3.89384723576e-07
3.06455376631e-07
3.17467680588e-07
3.55740496616e-07
2.98626503081e-07
3.28674389038e-07
3.3708587921e-07
3.30837565343e-07
3.33758094939e-07
1.562064881e-06
3.16507907883e-07
3.75138370146e-07
3.54930392632e-07
3.38048607773e-07
3.67800197409e-07
3.47941238488e-07
3.1854327176e-07
3.21280737126e-07
3.52456112296e-07
3.12090378429e-07
3.17689369922e-07
2.79415672821e-07
2.85924642185e-07
3.18967295243e-07
3.35274961571e-07
3.46059266576e-07
2.84848397314e-07
3.74007498749e-07
2.73810627505e-07
3.24627364989e-07
3.48328114796e-07
3.22924790908e-07
3.43748979503e-07
3.50399631088e-07
3.60212510486e-07
3.23724634654e-07
3.37251975679e-07
3.38443783221e-07
3.10440952944e-07
3.30693609385e-07
3.22857061974e-07
3.55221629889e-07
3.54809685632e-07
3.55093760618e-07
3.24444016542e-07
3.2445080933e-07
3.15971618647e-07
3.56060525064e-07
3.50075140432e-07
3.48335134959e-07
3.16628643304e-07
3.38360564456e-07
3.66579399724e-07
3.32746481035e-07
3.60706337688e-07
3.38339788186e-07
3.05663974132e-07
3.54731554353e-07
3.03506027421e-07
3.35495855097e-07
2.97962401419e-07
3.55640963789e-07
3.38908620279e-07
2.8915275152e-07
3.37715960086e-07
3.62591748626e-07
3.44420271858e-07
3.3483334505e-07
3.06455376631e-07
3.11511257678e-07
3.62304660939e-07
3.53242143092e-07
3.19101957302e-07
3.45351367059e-07
3.60806581057e-07
3.47758430053e-07
3.28934135041e-07
3.34267923563e-07
3.55406371e-07
3.37037420195e-07
3.76680532099e-07
3.60577473657e-07
3.58533100098e-07
3.65692187643e-07
3.17393784144e-07
3.07300638269e-07
3.80972807079e-07
3.44574175415e-07
3.56117425326e-07
3.66788782458e-07
3.62075127214e-07
3.78306538096e-07
3.77002550067e-07
3.81303976837e-07
3.53249191676e-07
3.50449056441e-07
3.3427485846e-07
3.57762615977e-07
3.24824355857e-07
3.43986641838e-07
3.65065289998e-07
3.73162293954e-07
3.68668253259e-07
3.70073820477e-07
3.96055838792e-07
3.58811547585e-07
3.65483174392e-07
3.821509722e-07
3.43092295907e-07
3.64043216905e-07
3.58925802857e-07
3.4474916788e-07
3.43644131817e-07
3.77749501013e-07
3.68205178347e-07
4.12365125158e-07
3.50357282741e-07
3.90620527924e-07
3.58112089316e-07
3.53022528543e-07
3.69551855783e-07
3.85592784369e-07
3.56195670292e-07
3.45855937667e-07
3.41042465379e-07
3.54192167151e-07
3.65584043038e-07
3.43155164728e-07
3.76132021529e-07
3.56053391215e-07
3.63899374634e-07
3.72136241822e-07
3.16843312476e-07
3.57163912668e-07
3.34130078272e-07
3.80781528975e-07
3.43141181247e-07
3.46213596458e-07
3.65360648402e-07
3.9407777308e-07
3.87890963793e-07
3.88002348473e-07
4.07145648751e-07
3.70487299506e-07
3.89265693457e-07
3.71969008484e-07
3.54433439043e-07
3.61064422805e-07
3.73635799633e-07
3.63920946711e-07
3.54206349584e-07
3.84638468631e-07
3.36629227604e-07
4.11699375036e-07
3.78864001505e-07
3.80332920713e-07
3.90993164956e-07
4.43633354053e-07
3.61601848908e-07
3.77185557454e-07
3.65526403812e-07
3.76636677402e-07
3.27240769593e-07
3.4846883068e-07
3.6832093997e-07
3.97054293444e-07
3.81333421728e-07
3.94916355617e-07
4.08119859685e-07
3.42889848071e-07
4.3136466843e-07
3.77705532628e-07
3.53511410367e-07
3.34736768082e-07
3.57976574605e-07
3.40138058164e-07
3.59561710184e-07
3.7391274077e-07
3.61014258488e-07
3.65980582728e-07
3.35820487862e-07
3.70117334114e-07
3.02502058958e-07
3.66832068721e-07
3.54376652467e-07
3.83434297646e-07
4.24432357704e-07
3.64000044328e-07
3.46374946503e-07
4.0424515646e-07
3.32746481035e-07
3.35834300813e-07
3.62362072792e-07
3.91574786818e-07
3.84904666362e-07
3.58454599336e-07
3.89734424289e-07
3.84069380743e-07
3.9563582277e-07
