1.54000332486e-08
1.49856820286e-08
1.5361594663e-08
1.55587311923e-08
1.53283679083e-08
1.54740895653e-08
1.55743471453e-08
1.60072595179e-08
1.58357824631e-08
1.58447850396e-08
1.62517661551e-08
1.60616018263e-08
1.61872417692e-08
1.55691406434e-08
1.55208361718e-08
1.52311141477e-08
1.61114979136e-08
1.55728585582e-08
1.50572745383e-08
1.63004330034e-08
1.54163100063e-08
1.64048561402e-08
1.57646073973e-08
1.6062356778e-08
1.66669860135e-08
1.62548055016e-08
1.60487623191e-08
1.63392659402e-08
1.64529865287e-08
1.59063677785e-08
1.55030193127e-08
1.47190943878e-08
1.63499347394e-08
1.59484923046e-08
1.61758695327e-08
1.58522883709e-08
1.56085828706e-08
1.5869552783e-08
1.56958304132e-08
1.60563153884e-08
1.63278404131e-08
1.62327751241e-08
1.56607526947e-08
1.57735886575e-08
1.64399924785e-08
1.63995110825e-08
1.55200936547e-08
1.61054440895e-08
1.55922048606e-08
1.65410263264e-08
1.6730144381e-08
1.71763812062e-08
1.66692935011e-08
1.65410263264e-08
1.54918886608e-08
1.58252841942e-08
1.675868333e-08
1.68862399619e-08
1.5918397267e-08
1.66562141857e-08
1.65571290012e-08
1.628825963e-08
1.63873021819e-08
1.6495828703e-08
1.63293627509e-08
1.6747881304e-08
1.67609979229e-08
1.67024012399e-08
1.66808398205e-08
1.67872435952e-08
1.70991327764e-08
1.67602252077e-08
1.70267231425e-08
1.66024101134e-08
1.61009054978e-08
1.61622271122e-08
1.65525264606e-08
1.66508300481e-08
1.57705937198e-08
1.65218665416e-08
1.67471103651e-08
1.66200795348e-08
1.51870089837e-08
1.54052113288e-08
1.60668900406e-08
1.64163083127e-08
1.71209624256e-08
1.63438382828e-08
1.59921800247e-08
1.65241651473e-08
1.57309472115e-08
1.63628950389e-08
1.63095652539e-08
1.58485367052e-08
1.60095208201e-08
1.63194631142e-08
1.55401487234e-08
1.54444457223e-08
1.60087676448e-08
1.73298317918e-08
1.57316950578e-08
1.65356599524e-08
1.69110343506e-08
1.72099881013e-08
1.68436660175e-08
1.63781468387e-08
1.62304960583e-08
1.63918798535e-08
1.54251935669e-08
1.62077249399e-08
1.65287641352e-08
1.64690465709e-08
1.63636553197e-08
1.6197102326e-08
1.56577701915e-08
1.53608556985e-08
1.67926490491e-08
1.68560454483e-08
1.60110307235e-08
1.6164500849e-08
1.57773314413e-08
1.52959156452e-08
1.4983493557e-08
1.46677958668e-08
1.54163100063e-08
1.60986388664e-08
1.59884123718e-08
1.66623692621e-08
1.62084834443e-08
1.61039324098e-08
1.71474905386e-08
1.66054832107e-08
1.5918397267e-08
1.60782249736e-08
1.56495669756e-08
1.58552904139e-08
1.56339119428e-08
1.62358126943e-08
1.56346580127e-08
1.50850798519e-08
1.70687481926e-08
1.59108779485e-08
1.56682133934e-08
1.67409393015e-08
1.72318888048e-08
1.67309153198e-08
1.58185358146e-08
1.58200350597e-08
1.52392072295e-08
1.56697055331e-08
1.53556847238e-08
1.5335748671e-08
1.55750914388e-08
1.6643138423e-08
1.72076415339e-08
1.52598165215e-08
1.62297375539e-08
1.70812111122e-08
1.65249325335e-08
1.46959635572e-08
1.53364876354e-08
1.57444066673e-08
1.61402589072e-08
1.63850124579e-08
1.53933772395e-08
1.52002339604e-08
1.58200350597e-08
1.56316772859e-08
1.59605377803e-08
1.62548055016e-08
1.62760898093e-08
1.6076713294e-08
1.71248615288e-08
1.64270019809e-08
1.68204685735e-08
1.64270019809e-08
1.57003121615e-08
1.62722884056e-08
1.62570863438e-08
1.61789017739e-08
1.53608556985e-08
1.54740895653e-08
1.62913025292e-08
1.55944377411e-08
1.58012980478e-08
1.66685243386e-08
1.57683484048e-08
1.63972213585e-08
1.59567736802e-08
1.6002735137e-08
1.57384238975e-08
1.59710822345e-08
1.56503112692e-08
1.57204826934e-08
1.69428293617e-08
1.60261190985e-08
1.56719437427e-08
1.53268917558e-08
1.64713398476e-08
1.65218665416e-08
1.56906043713e-08
1.66177738237e-08
1.64644564649e-08
1.58823212359e-08
1.6616237275e-08
1.63590829771e-08
1.58973474385e-08
1.65111426753e-08
1.66392961631e-08
1.64851137185e-08
1.72702492307e-08
1.77553403091e-08
1.77879186936e-08
1.71264211701e-08
1.72577188096e-08
1.65801452567e-08
1.69894107671e-08
1.63575570866e-08
1.6907934608e-08
1.68189213667e-08
1.71061476095e-08
1.66485225606e-08
1.79944077416e-08
1.69668883387e-08
1.68521765431e-08
1.72514553753e-08
1.66323772532e-08
1.64422857551e-08
1.59650568321e-08
1.59582800308e-08
1.63697571054e-08
1.64499276423e-08
1.57773314413e-08
1.66623692621e-08
1.60820032846e-08
1.70453944293e-08
1.66469860119e-08
1.69366227709e-08
1.57833213166e-08
1.62791327085e-08
1.59967026292e-08
1.62411293303e-08
1.57930575284e-08
1.60087676448e-08
1.59590314297e-08
1.63667053243e-08
1.61698050505e-08
1.64040923067e-08
1.61720787872e-08
1.68042380011e-08
1.65448597045e-08
1.62548055016e-08
1.62616462518e-08
1.64185998131e-08
1.66354521269e-08
1.57055399796e-08
1.66293006032e-08
