1.01761070681e-08
1.00973007733e-08
1.04472812623e-08
1.03987982669e-08
1.04009538759e-08
1.0780220272e-08
1.08314468505e-08
1.04993924666e-08
1.04169650683e-08
1.06183541959e-08
1.05599440303e-08
1.04873061346e-08
1.05288160412e-08
9.86151782456e-09
1.10242650564e-08
1.08225934881e-08
1.05123110217e-08
1.04007460422e-08
1.08485407324e-08
1.03049586642e-08
1.0614416901e-08
1.1051676907e-08
1.13775930899e-08
1.07628723711e-08
1.06869606498e-08
1.10951958732e-08
1.06349293816e-08
1.11106901457e-08
1.07982183195e-08
1.11480868981e-08
1.12260511997e-08
1.06907416253e-08
1.06097388652e-08
1.09818776295e-08
1.1027170288e-08
1.05965503039e-08
1.11577342921e-08
1.08309494706e-08
1.06938591315e-08
1.07171027608e-08
1.13376223965e-08
1.11431104344e-08
1.11378506418e-08
1.08848885461e-08
1.12765530247e-08
1.15384963806e-08
1.07998827659e-08
1.14602762835e-08
1.1094692276e-08
1.09299902462e-08
1.10541655829e-08
1.06517656917e-08
1.06489732588e-08
1.07119006998e-08
1.0798624217e-08
1.05469553091e-08
1.05268549433e-08
1.11710756201e-08
1.04639399368e-08
1.0977574405e-08
1.04994342109e-08
1.08348006123e-08
1.08340589833e-08
1.03287645103e-08
1.06511892639e-08
1.07254853887e-08
1.09441726792e-08
1.04784749766e-08
1.09187174857e-08
1.14009326424e-08
1.09799769277e-08
1.06166284652e-08
1.09959863437e-08
1.09784759061e-08
1.08117967912e-08
1.07973106012e-08
1.02858299655e-08
1.07556727968e-08
1.02088266729e-08
1.04589288341e-08
1.03367812088e-08
1.02982635752e-08
1.02629424958e-08
9.89932491535e-09
9.81095205077e-09
1.01144230769e-08
1.03325170642e-08
1.04473389939e-08
1.06214015361e-08
1.00914361312e-08
1.02579909012e-08
1.00790185087e-08
1.03860724465e-08
1.02226556109e-08
1.02127559742e-08
1.02558805892e-08
9.82546843886e-09
1.04966462189e-08
1.01122914486e-08
1.01537889208e-08
1.06062243432e-08
1.06533271094e-08
1.03141069019e-08
1.00155821414e-08
1.04195390094e-08
9.86254811153e-09
1.01753965254e-08
1.07039932473e-08
1.1031286995e-08
1.00882955323e-08
1.09186206743e-08
1.07998401333e-08
1.05626334346e-08
1.01735269098e-08
1.03628448045e-08
1.08390301179e-08
9.974566062e-09
1.01373958117e-08
1.02066000096e-08
1.05173212361e-08
1.073916156e-08
1.0585071486e-08
1.11120925794e-08
1.09174020935e-08
1.08979625324e-08
1.06476596429e-08
1.07719708708e-08
1.06733812899e-08
1.03366897264e-08
1.04159196823e-08
1.04013757607e-08
1.05900808123e-08
1.03217079328e-08
1.0688415486e-08
1.0299078923e-08
1.04964978931e-08
1.02356345622e-08
1.04686064262e-08
1.09055555697e-08
1.04001900425e-08
1.03082884451e-08
1.0783918647e-08
1.04295017067e-08
1.11496643029e-08
1.09977973395e-08
1.03441069044e-08
1.10050049074e-08
1.04801136658e-08
1.03104209614e-08
1.07328173016e-08
1.05922053351e-08
1.08562492329e-08
1.14884111113e-08
1.09670708071e-08
1.1237969666e-08
1.10614060134e-08
1.06685309476e-08
1.04090984721e-08
1.09312923158e-08
1.08064677207e-08
1.07464099841e-08
1.15972023096e-08
1.07646771497e-08
1.12678986142e-08
1.09795745828e-08
1.05099022818e-08
1.05516795301e-08
1.05227089264e-08
1.05730650901e-08
1.0976473952e-08
1.0808634876e-08
1.04765929265e-08
1.11409841352e-08
1.06372288755e-08
1.10788889174e-08
1.11189972785e-08
1.09677698035e-08
1.08671702748e-08
1.07698987506e-08
1.05165680608e-08
1.04421262748e-08
1.05736139844e-08
1.04239257226e-08
1.05950750395e-08
1.06650714926e-08
1.0665078598e-08
1.0908837389e-08
1.06014663714e-08
1.09116369273e-08
1.09091127243e-08
1.07125455173e-08
1.07454498632e-08
1.08505604501e-08
1.12140758901e-08
1.07320623499e-08
1.08376312369e-08
