1.50613686856e-06
1.86385966572e-06
1.63220522609e-06
1.68916619714e-06
1.40289728279e-06
1.77408878699e-06
1.42777241763e-06
1.0993134083e-06
1.73709713636e-06
1.95804750547e-06
1.73292039563e-06
1.51792232828e-06
1.37989263749e-06
1.57158501679e-06
1.66431402704e-06
6.51542541164e-06
1.60152546869e-06
6.54570658298e-06
7.14655516276e-06
1.38549978601e-06
1.23690665532e-06
1.39821349876e-06
1.6704096879e-06
1.35433003834e-06
5.87214344705e-06
1.18891023249e-06
6.03795615461e-06
1.28701560698e-06
1.37639403874e-06
1.19833964618e-06
1.36606422529e-06
1.35866184792e-06
1.11788949653e-06
1.38244240588e-06
1.383816425e-06
1.40391409786e-06
1.29641830426e-06
1.17824970403e-06
1.2950342807e-06
1.25380165628e-06
9.95758796307e-07
1.16467629141e-06
1.02154672277e-06
8.67916980951e-07
8.9649029178e-07
8.94392087503e-07
9.62565877671e-07
1.10790426788e-06
1.13451255856e-06
1.1311376511e-06
9.67695314102e-07
1.69515203652e-06
1.09878851617e-06
8.67428298079e-07
1.26300210468e-06
1.33382059175e-06
1.3393333802e-06
1.28761075757e-06
1.34010610964e-06
1.00895874766e-06
1.14987733468e-06
9.9416536159e-07
8.9868132136e-07
1.15143734547e-06
1.0497153653e-06
1.10602297809e-06
9.33249168611e-07
1.18070954613e-06
1.15612385798e-06
1.34895265091e-06
9.80661411631e-07
9.8842076568e-07
1.14624981506e-06
1.21578477774e-06
1.05338256162e-06
8.41861378831e-07
1.07955474959e-06
1.19346395877e-06
1.28504188979e-06
1.06585002868e-06
1.27210159917e-06
1.05010622065e-06
1.14888052849e-06
1.36325115818e-06
9.52882828642e-07
1.22587414353e-06
1.08210781491e-06
1.18063178434e-06
1.26327006456e-06
9.12544066978e-07
1.13347164188e-06
1.20964102734e-06
1.3309310134e-06
1.22516155443e-06
1.14451472655e-06
1.03358240722e-06
1.02975627669e-06
1.04978857962e-06
1.0235960417e-06
1.24022335513e-06
1.12313898626e-06
1.07821745132e-06
1.25722112898e-06
1.37309541515e-06
1.3243104604e-06
1.18794855553e-06
1.38965629048e-06
1.31926685754e-06
1.45646060901e-06
1.29831926188e-06
1.16192484256e-06
1.28617728024e-06
1.4180176322e-06
1.20450704344e-06
1.09117922875e-06
1.4396196093e-06
1.47797561567e-06
1.57310978466e-06
1.73383068613e-06
1.39294661494e-06
1.47449941323e-06
1.47059358824e-06
1.52303778123e-06
1.67127245732e-06
1.51968527007e-06
1.42945373227e-06
1.19270873711e-06
1.28563658564e-06
1.34060292112e-06
1.35144591695e-06
1.10269070319e-06
1.51208257648e-06
1.58563420882e-06
1.4693795265e-06
1.62700075634e-06
1.44110754263e-06
1.41526504649e-06
1.60062040777e-06
1.29850945996e-06
1.41699570122e-06
1.53211362885e-06
1.42973874517e-06
1.35172319915e-06
1.39908763686e-06
1.6045440816e-06
1.42612054788e-06
1.41254338359e-06
1.33382059175e-06
1.53713472173e-06
1.63193112712e-06
1.61716252478e-06
1.26088616526e-06
1.58149373419e-06
1.61755656336e-06
1.40620318234e-06
1.51196525167e-06
1.64108098488e-06
1.72020122591e-06
1.47719299548e-06
1.41552027344e-06
1.35610639518e-06
1.31855495056e-06
1.6167987269e-06
1.34132073981e-06
1.51727624598e-06
1.3757509123e-06
1.58965963237e-06
1.74489889559e-06
1.3148888911e-06
1.16681292184e-06
1.50657592712e-06
1.61607113114e-06
1.29224122247e-06
1.55584336881e-06
1.10557175503e-06
1.5362479644e-06
1.31232036438e-06
1.35807829338e-06
1.47754076352e-06
1.50683933953e-06
1.53834685079e-06
1.74124750174e-06
1.68464521266e-06
1.50522998865e-06
1.94356175598e-06
1.36316771204e-06
1.22632309285e-06
1.3706937807e-06
1.34754066039e-06
1.32359718918e-06
1.59038108904e-06
1.61588934589e-06
1.5487141809e-06
1.29004683913e-06
1.75970080818e-06
1.77904610155e-06
1.53763733124e-06
1.58734587785e-06
1.66859206274e-06
1.87272371477e-06
1.50496680362e-06
1.25305416532e-06
1.56289945608e-06
1.53719383889e-06
1.457726853e-06
1.60625912571e-09
1.69484167145e-06
1.67321491062e-06
1.5896896457e-06
1.86708348338e-06
1.67574467014e-06
1.34618483116e-06
1.86923421097e-06
1.28761075757e-06
2.15237309931e-06
1.71926342318e-06
1.53902715283e-06
1.55272221036e-06
1.52518657615e-06
1.36840594678e-06
1.55617044584e-06
1.29864531573e-06
1.37810081924e-06
1.46900390519e-06
1.50935727561e-06
1.52003804033e-06
1.36208223012e-06
1.45982892263e-06
1.11743577236e-06
1.49667164351e-06
1.62022615768e-06
1.64909306477e-06
1.72063914761e-06
1.76780667971e-06
1.44082139286e-06
1.54562993515e-08
9.50882428352e-11
1.72348620708e-06
1.22495055166e-06
1.51906817791e-06
1.62219930644e-06
2.37604358411e-09
1.69347606516e-06
1.74247475115e-06
1.54859556289e-08
1.07685629303e-08
1.76653895778e-06
1.77812410129e-06
