3.77749501013e-07
3.9485638581e-07
3.28674389038e-07
3.3708587921e-07
3.33758094939e-07
1.562064881e-06
3.16507907883e-07
3.75138370146e-07
3.54930392632e-07
3.38048607773e-07
3.67800197409e-07
3.47941238488e-07
3.1854327176e-07
3.12090378429e-07
3.18967295243e-07
2.84848397314e-07
3.48328114796e-07
3.60212510486e-07
3.38443783221e-07
3.55221629889e-07
3.55093760618e-07
3.56060525064e-07
3.16628643304e-07
3.32746481035e-07
3.54731554353e-07
3.55640963789e-07
3.37715960086e-07
3.26368450487e-07
3.06455376631e-07
3.19101957302e-07
3.28934135041e-07
3.37037420195e-07
3.65692187643e-07
3.44574175415e-07
3.70646944248e-07
3.77002550067e-07
3.50449056441e-07
3.24824355857e-07
3.73162293954e-07
3.58811547585e-07
3.6928378222e-07
3.58925802857e-07
3.68205178347e-07
3.90620527924e-07
3.85592784369e-07
3.45855937667e-07
3.43155164728e-07
3.72136241822e-07
3.09664358156e-07
3.43141181247e-07
3.65360648402e-07
3.88002348473e-07
3.88916220118e-07
3.73635799633e-07
3.84638468631e-07
3.78864001505e-07
4.43633354053e-07
3.76636677402e-07
3.6832093997e-07
3.94916355617e-07
3.646260609e-07
3.45351367059e-07
3.40138058164e-07
3.61014258488e-07
3.02502058958e-07
3.83434297646e-07
3.46374946503e-07
3.35834300813e-07
3.84904666362e-07
3.84069380743e-07
3.9563582277e-07
