4.40630998355e-09
6.383630069e-09
2.27782170903e-09
2.93890733971e-09
1.71735585752e-08
4.85935691685e-09
5.30237320717e-09
4.69029615147e-09
6.83732981344e-09
7.88604570534e-10
3.94903887369e-10
2.55326448872e-09
7.40955130585e-10
1.34809854252e-11
5.20550758054e-09
2.27472907177e-09
5.81102010955e-09
3.07479264272e-10
4.30583874111e-10
1.90384361054e-10
1.73614497778e-10
3.05306180337e-09
6.56393994714e-10
2.88965740225e-09
3.23493787313e-09
1.44909484412e-09
4.88275198052e-09
3.65746677389e-09
4.76089757895e-11
7.75079167514e-11
1.51095680412e-09
6.11087624947e-10
1.73871705922e-09
5.19618348349e-09
4.06856798252e-10
1.78067249834e-09
4.20161710979e-10
3.16468939943e-09
4.72400174534e-10
1.56519797123e-11
1.44736045371e-09
8.62885929376e-10
9.07799724281e-10
2.30860597306e-09
2.21143636736e-09
1.00797581393e-09
9.98124582985e-10
5.72487612871e-10
4.10769551706e-09
2.87055934578e-10
4.7196024866e-11
2.81431988824e-09
7.58603846407e-10
5.17754589202e-11
1.03261279735e-12
3.3446101444e-10
9.27524723693e-12
1.8910839561e-09
2.54881338257e-10
5.44620437637e-09
8.4262007094e-11
6.43507525044e-10
7.87153897619e-10
6.0799987267e-09
2.04658984204e-10
9.07285413465e-10
2.30272420056e-12
2.56399590448e-09
1.33819932913e-09
4.52089654601e-09
