8.84375239707e-09
5.21228026018e-11
9.74273439702e-11
9.38918010007e-09
9.16043418897e-09
1.52377346851e-10
1.06944675338e-10
1.38157360552e-10
9.42184039121e-11
7.39250882731e-11
7.38482330842e-11
9.39004637934e-11
3.09856529324e-10
1.77267589496e-10
1.74422185029e-10
2.06216752008e-10
1.90644722231e-10
2.13077597233e-10
2.25969784551e-10
2.6609117687e-10
2.78483014426e-10
2.71956873688e-10
2.89531870701e-10
3.13645193151e-10
2.83528756029e-10
2.86093815305e-10
3.18892134921e-10
1.08609210514e-08
3.16607823292e-10
3.15865833489e-10
3.10066389231e-10
3.33641031469e-10
3.40645261998e-10
3.83848286489e-10
