1.5976356238e-08
1.62639253176e-08
1.57264636869e-08
1.55951820346e-08
1.55587311923e-08
1.61872417692e-08
1.61114979136e-08
1.62548055016e-08
1.61758695327e-08
1.56607526947e-08
1.61054440895e-08
1.63873021819e-08
1.70267231425e-08
1.67471103651e-08
1.59921800247e-08
1.63194631142e-08
1.73298317918e-08
1.63918798535e-08
1.57773314413e-08
1.62084834443e-08
1.5918397267e-08
1.72318888048e-08
1.5335748671e-08
1.46959635572e-08
1.59605377803e-08
1.71248615288e-08
1.57683484048e-08
1.57384238975e-08
1.56906043713e-08
1.64851137185e-08
1.66485225606e-08
1.60820032846e-08
1.62791327085e-08
1.62616462518e-08
1.66293006032e-08
