2.61416066571e-09
2.59378230005e-09
2.57106513857e-09
2.53702658881e-09
2.66053468145e-09
2.53762721947e-09
1.76712505739e-10
1.55966711768e-10
1.67679412022e-10
3.34653993406e-09
3.30083760325e-09
3.28510396663e-09
3.19721782382e-09
3.29741389749e-09
3.29878324656e-09
3.3205578287e-09
3.35551098019e-09
3.30751870337e-09
3.41446404484e-09
3.49874151873e-09
3.47287598679e-09
3.47480799689e-09
4.74283334828e-10
3.44938166918e-09
4.60495641619e-10
4.88076856708e-10
4.12991946197e-10
4.13052536619e-10
4.30989965938e-10
3.41220052213e-09
4.12265499516e-10
4.45966791274e-10
4.53678067336e-10
