3.12097192534e-09
2.6878463899e-09
1.03359054648e-08
5.26436449988e-09
4.4285286549e-09
5.14321252254e-09
3.24754023673e-09
3.05533887079e-09
3.04666691875e-09
9.88815584968e-10
2.63911381637e-09
2.23386573128e-10
1.42614337006e-10
7.95326693392e-10
5.33899369159e-09
3.46439267248e-13
1.2099123925e-09
6.85233558784e-09
9.25215459802e-10
2.315226455e-09
5.54206280867e-09
4.55295268154e-09
3.45675044144e-09
9.47550704566e-10
2.90204527076e-09
3.80423648139e-09
2.23049217984e-10
9.57106172095e-10
8.50121029128e-10
6.53820442231e-10
1.06376984998e-09
1.8970874871e-10
2.04815435445e-11
6.46106501634e-11
2.59577137562e-09
5.85641604656e-11
3.52401552384e-10
3.19867222986e-11
9.14065378943e-10
1.06175769565e-10
4.81233802807e-11
2.07811035047e-09
6.72298536286e-11
1.1999407544e-11
1.87230606019e-10
1.75132919278e-09
9.70046265536e-11
1.39385869513e-09
4.62015448122e-09
2.0640569115e-11
3.32449801022e-09
2.92329693785e-09
6.34079289075e-10
2.94369972842e-09
1.79833836711e-09
1.19100729279e-09
5.97855931428e-11
2.47181414226e-10
4.21950696605e-09
3.8683172221e-09
3.2661773286e-09
1.85152206067e-11
5.14092449166e-11
9.95523574687e-09
2.86980861297e-09
4.95974949999e-09
1.24137566893e-09
4.0118850464e-09
2.48623632793e-09
5.163714345e-09
