5.84343684551e-09
3.61430463336e-09
1.04075930096e-08
9.2439362831e-09
8.91765328248e-09
4.09402955981e-09
1.31415678339e-08
1.05212905055e-08
5.56309487365e-09
1.14822373831e-09
2.56563215117e-09
1.3293537382e-09
2.69158306754e-10
2.27361948713e-10
9.69893143576e-09
5.85492140881e-11
6.65678134837e-09
1.97551286441e-09
7.12463643637e-10
1.30796706799e-09
1.39955214085e-09
9.28089693986e-09
1.69810943085e-09
4.93313745409e-09
3.12511988509e-10
1.02172659222e-09
1.04322239736e-08
1.2996806964e-09
1.69075353718e-09
1.69584490894e-09
1.2713378128e-09
6.47451092739e-10
1.01020325438e-09
1.34023059317e-09
1.53866763775e-09
9.84574644036e-10
1.50106216346e-09
1.0096816716e-09
5.18350751211e-10
1.99067970441e-10
1.38889588719e-09
8.2478640584e-10
1.77614412067e-09
1.63449434543e-10
7.1185285444e-10
1.44778433686e-09
5.83991521808e-10
5.94418070321e-09
2.37684028015e-09
3.1783226051e-10
1.27784144377e-10
3.1615132734e-09
2.5165225459e-10
3.34517769041e-09
6.46128750503e-09
2.48516485168e-12
1.22229494321e-12
5.66581503936e-11
1.2589002063e-09
4.17918544215e-09
5.0036224053e-09
9.87061127278e-12
3.39819683504e-09
4.52447102006e-09
3.39526394196e-13
3.59819551932e-09
3.38933037192e-09
3.43446759921e-09
6.09158140596e-11
3.96204580255e-09
