9.19732428883e-07
1.80821785989e-07
1.31415083615e-06
7.14876648544e-07
9.48605361373e-07
1.75003617642e-06
8.7040643848e-07
6.4627397478e-07
1.4862188209e-06
1.82323356057e-06
1.57304998538e-06
1.50376786223e-06
8.14093425561e-07
1.56764212988e-06
1.64603272879e-06
2.62214302893e-06
2.38179745793e-06
2.90894536192e-06
3.86234250982e-06
1.21654727536e-06
1.0639064385e-06
1.38931909532e-06
1.64306698025e-06
1.17150477763e-06
2.49538288699e-06
1.45249259731e-06
3.0160872484e-06
1.28463648252e-06
1.34126548801e-06
1.16156502372e-06
1.36108064908e-06
1.22244500744e-06
1.10251539809e-06
1.18600041787e-06
1.38022880947e-06
1.38665052418e-06
9.46377497257e-07
4.6513525831e-07
1.26933343836e-06
1.16964747576e-06
7.68604422774e-07
2.68904898348e-07
7.58188832606e-07
7.14211637387e-07
8.32894500036e-07
6.03905277785e-07
6.93430195042e-07
1.10116400265e-06
5.11710140927e-07
4.82795940115e-07
4.40194042994e-07
5.35726087492e-07
7.44734279579e-07
3.8424673221e-07
8.98364874047e-07
3.22741897207e-07
1.2020224176e-06
1.15412524337e-06
9.43017312238e-07
7.01214730725e-07
9.9928297459e-07
8.73278168001e-07
7.86854570833e-07
1.01404225461e-06
7.73251713326e-07
6.02461000199e-07
6.02183433784e-07
5.34086950665e-07
4.75254893217e-07
9.86051873042e-07
1.01102976657e-07
8.61487592374e-07
8.14781969893e-07
3.35199047186e-07
3.1445233617e-07
3.25551724245e-07
7.91790000676e-07
2.86351905743e-07
5.88094735576e-07
7.15864814538e-07
5.81822007462e-07
4.37398654185e-07
7.84614371696e-07
6.61678939196e-07
6.29706505606e-07
2.13395892956e-07
3.40214540984e-07
5.14425494202e-07
1.04698131054e-06
6.61097317334e-07
7.99850909061e-07
3.55200313606e-07
7.11212578608e-07
5.31268028681e-07
1.11927647595e-06
3.27964016833e-07
4.52250020544e-07
8.3226359493e-07
4.27193867836e-07
1.98626963765e-07
9.49534467054e-07
8.13577230474e-07
9.10472635951e-07
9.75473994913e-07
1.09591633191e-06
1.10241523998e-06
1.30885393901e-06
6.34692128187e-07
9.6354847301e-07
5.85756765759e-07
1.04915352495e-06
5.23804544628e-07
7.24524568341e-07
5.58456065392e-07
7.06114633431e-07
4.17140313402e-07
9.84797566161e-07
1.10013843369e-06
1.19291701139e-06
9.28579481752e-07
1.04055072825e-06
9.87567659649e-07
4.63218526647e-07
1.03324316569e-06
4.58234183043e-07
6.5467696686e-07
5.4146516959e-07
1.18317200304e-06
6.59450506646e-07
1.00812076198e-06
6.85985298787e-07
8.7038415586e-07
6.65213349293e-07
4.92786796258e-07
5.51298910523e-07
1.07846506125e-06
1.18420950912e-06
1.13710439109e-06
1.00341037523e-06
1.09766415335e-06
1.15371540232e-06
2.84377790649e-07
2.75534972616e-07
9.30740327476e-07
1.13025021165e-06
2.73025221986e-07
1.03222555481e-06
9.45125350427e-07
1.67813780649e-07
8.39282051857e-07
6.62202637614e-07
8.71763745636e-07
3.8660019186e-07
1.29687987283e-06
1.30514706598e-06
7.0371260108e-07
1.40733436638e-06
5.90693900904e-07
7.50052151943e-07
9.76722390078e-07
9.40842198816e-07
7.1760064202e-07
8.72431769494e-07
1.25209362523e-06
2.89229689088e-07
9.92050786408e-07
7.80733387273e-07
1.54417796239e-06
1.15212822038e-06
5.12990084189e-07
7.86051145951e-07
6.07932520325e-07
1.11851977636e-06
3.61809753713e-07
3.24749635183e-07
5.67041013255e-07
8.60491979893e-07
8.99834333268e-07
4.43172950781e-07
4.5395117354e-07
1.45597152823e-06
4.79570928746e-07
2.35112295854e-07
1.02990145479e-06
5.36389393346e-07
3.78460526917e-07
7.78628191256e-07
8.89078705768e-07
6.46293187856e-07
9.86525492408e-07
6.76049410231e-07
1.15138618639e-06
1.05125479877e-06
7.74132502102e-07
1.15299849313e-06
1.33944365643e-06
6.51709569865e-07
5.76469517455e-07
1.41379041452e-06
6.95218204783e-07
4.69568590233e-07
6.24043480002e-07
6.93747949754e-07
3.16782944765e-07
7.73272688548e-07
6.97720210496e-08
8.38190317154e-07
5.14699138421e-07
9.94189122139e-07
6.68328311804e-07
7.58334181228e-07
6.86814871642e-07
6.59411796278e-07
7.77976083555e-07
8.44422856972e-07
8.45014426432e-07
1.22386893509e-06
4.05610563803e-07
9.96544031295e-07
5.18005663253e-07
5.17336616213e-07
5.29913393166e-07
4.4868158966e-07
4.99841235069e-07
6.94641812515e-07
7.16066494988e-07
2.4973732593e-07
3.5786243302e-07
4.105146445e-07
1.30193495806e-06
3.80325587912e-07
8.32938042095e-07
4.73366611686e-07
5.96572135692e-07
3.72398062609e-07
2.24766405488e-09
9.52027292556e-08
4.44443600145e-07
3.27227127173e-07
2.93269863505e-07
2.19094474119e-07
6.57691430206e-08
8.27680651128e-07
3.75211385517e-07
3.66029553334e-08
1.84879354492e-07
5.21426045452e-07
1.33657556489e-06
