3.7559118482e-07
3.92141913608e-07
2.98815479027e-07
3.05222528141e-07
2.47288937771e-07
5.39484517503e-07
3.02948052422e-07
3.43483435472e-07
2.59773003108e-07
3.02921819184e-07
3.38651886977e-07
3.32134760583e-07
3.05624411112e-07
2.9688320069e-07
3.08411841843e-07
2.74853334759e-07
3.34316183626e-07
3.25674193391e-07
3.07545207079e-07
3.54461803909e-07
3.38866954053e-07
3.24681707298e-07
2.73742017498e-07
2.98554851952e-07
2.94659486144e-07
3.20193805692e-07
3.01571731143e-07
2.94821262514e-07
2.74166296776e-07
2.86990172071e-07
2.95942129469e-07
3.26225460867e-07
3.47505419995e-07
2.99330480402e-07
3.3352401374e-07
3.39992084264e-07
3.18502884511e-07
2.92940711688e-07
3.60062244908e-07
3.23290691995e-07
3.32746481035e-07
3.48623643731e-07
3.34447179284e-07
3.56658262035e-07
3.83139109772e-07
3.11105537776e-07
3.28975175989e-07
2.94808330636e-07
2.24320132247e-07
3.0780310567e-07
3.16521322929e-07
2.47348225457e-07
3.3832588997e-07
3.37376633297e-07
3.5147306221e-07
3.51692165168e-07
4.03169565288e-07
1.53361867206e-07
1.54437472588e-07
2.89993124625e-07
3.52059913666e-07
3.45043190464e-07
3.05360856601e-07
3.59368755198e-07
3.01990866092e-07
3.57242271321e-07
3.36663788403e-07
2.4973732593e-07
3.8502301436e-07
3.54199244157e-07
3.66716562894e-07
