4.72599115398e-09
5.70075986417e-09
1.26593322491e-08
9.66917479417e-09
6.01177108095e-09
7.27560411917e-09
4.75654715615e-09
5.49720269305e-09
4.22326795757e-09
1.29427479845e-09
3.40958972167e-09
9.96944193865e-10
1.43630185523e-09
1.05522446336e-09
8.78924666381e-09
1.74640035766e-09
6.27392493513e-09
8.95018725799e-09
8.5308710096e-10
8.39798341978e-10
7.23360260579e-09
7.79694919739e-10
8.34382429815e-09
2.53023868524e-09
1.02445092409e-08
8.46793479781e-09
9.67100954874e-10
8.6899837326e-10
1.25786137062e-09
1.05868203093e-09
6.6589295189e-10
1.12989373413e-09
8.9892016053e-10
6.89176493651e-10
1.08761888384e-09
1.13021170201e-09
1.30981436808e-09
1.13352971454e-09
1.35285782576e-09
3.08875880428e-09
7.45152273218e-10
8.8897111894e-09
3.56800422541e-10
1.51568119167e-10
1.21495546956e-09
1.23370114125e-09
3.84238779683e-10
5.39633582264e-09
1.71864977805e-09
3.7993272417e-10
5.38469269173e-09
2.76210032624e-09
1.97389687928e-10
2.60257726481e-09
5.14127895812e-09
3.46117223771e-09
3.54968232585e-09
4.47895540101e-11
1.70139335953e-09
3.67672492452e-09
3.79012021767e-09
3.7848839618e-09
2.56275778376e-09
1.51986530028e-08
3.37832450903e-09
3.57211038526e-09
1.06952481593e-10
2.31774244241e-09
7.52531281734e-09
3.61944341165e-09
