0.0
7.6751254241e-09
9.67176383426e-09
9.80427028452e-09
6.74309497128e-09
6.62127286333e-09
5.9024931609e-09
4.23771506775e-09
4.28673674335e-09
3.41181838337e-09
3.85401888181e-09
3.12156767102e-09
2.24191110121e-09
1.62464230957e-09
1.99727612227e-09
3.41109784863e-09
4.1847973975e-09
4.22034984737e-09
4.88154094924e-09
5.84104542511e-09
6.25654683617e-09
7.02595981394e-09
3.74706665696e-09
8.47501269163e-09
8.49502246325e-09
8.39558200738e-09
8.15742318139e-09
8.01450283916e-09
7.88848808497e-09
7.74185515695e-09
7.95806442966e-09
1.07279585215e-09
1.12960518717e-09
1.10452147428e-09
1.10400022457e-09
1.06160780167e-09
1.05502628855e-09
1.12784526163e-09
1.07229602975e-09
1.18618492806e-09
1.19656962116e-09
1.15006215662e-09
1.06600672733e-09
1.18110798919e-09
1.18669418736e-09
1.18813148209e-09
1.24556609471e-09
1.39724443127e-09
1.45883305436e-09
1.54369905747e-09
1.69515601556e-09
1.81129256038e-09
1.89645521509e-09
1.83355464145e-09
1.94925142694e-09
1.50337534088e-10
3.47140649559e-10
8.07808264724e-11
8.3487647351e-11
2.66963628981e-09
2.68327515762e-09
2.93770097137e-09
3.09333225701e-09
7.39946770523e-09
3.17133386218e-09
3.12476178266e-09
5.53956380767e-10
2.74404343692e-09
3.05990877081e-09
2.86657564352e-09
