3.78673234991e-07
3.95545868059e-07
2.86192431531e-07
2.92566625149e-07
2.36321923808e-07
4.93381094202e-07
3.17655803883e-07
3.27090759811e-07
2.42399011086e-07
2.93179482469e-07
3.22193585589e-07
3.47533529066e-07
3.2040293263e-07
3.11431421096e-07
3.2018030538e-07
2.86115920289e-07
3.4980010355e-07
3.12730037422e-07
2.91999469937e-07
3.54617981202e-07
3.54532772917e-07
3.08623725687e-07
2.72552028946e-07
2.86058536858e-07
3.07975057012e-07
3.07280828338e-07
2.917933557e-07
2.82296468868e-07
2.64895675173e-07
2.74578439985e-07
2.83564645542e-07
3.3837443425e-07
3.66564961496e-07
3.01087482057e-07
3.23304277572e-07
3.29720847958e-07
3.05439897375e-07
2.80437404854e-07
3.76088166831e-07
3.13130158247e-07
3.22443980849e-07
3.61386810255e-07
3.21118591273e-07
3.43057365626e-07
3.86348233405e-07
3.01113658452e-07
3.44371301253e-07
3.12850033879e-07
2.16413212684e-07
2.97949412698e-07
3.18307826319e-07
2.29424642839e-07
3.40075501981e-07
3.27043011339e-07
3.3772982988e-07
3.80575585268e-07
3.91850846881e-07
1.37638920705e-07
1.32738819048e-07
3.31777641804e-07
3.67807444945e-07
3.4811003502e-07
2.95585550703e-07
3.62584586355e-07
3.04820929387e-07
3.86318561141e-07
3.49074298356e-07
2.38709702671e-07
3.88217699765e-07
3.86244494166e-07
3.96025825466e-07
