0.0
3.85992649399e-07
3.64482104942e-07
3.58540233947e-07
3.53724061597e-07
3.52470266307e-07
3.49341974015e-07
3.52307495177e-07
3.53979345391e-07
3.51268141685e-07
3.51925507402e-07
3.49623888951e-07
3.48201467659e-07
3.4796937598e-07
3.49194010596e-07
3.45659685763e-07
3.43343714349e-07
3.29488187845e-07
3.21078090337e-07
3.24620572201e-07
3.2764324942e-07
3.34006074354e-07
3.40332775295e-07
3.44910148442e-07
3.47400032297e-07
3.50406708094e-07
3.51409482846e-07
3.45764817666e-07
3.43022463767e-07
3.40597068771e-07
3.39811379035e-07
3.37251975679e-07
3.40750148098e-07
3.41934168091e-07
3.42959651789e-07
3.44539216712e-07
3.44210434378e-07
3.50710223529e-07
3.63748370091e-07
3.63417711924e-07
3.68784100147e-07
3.6839327322e-07
3.67063137219e-07
3.70719533294e-07
3.73235138795e-07
3.70081068013e-07
3.67532777545e-07
3.70908281866e-07
3.6576429352e-07
3.63381815305e-07
3.63475237464e-07
3.63424902616e-07
3.66059936141e-07
3.66832068721e-07
3.67077603869e-07
3.68335378198e-07
3.76768355181e-07
3.72973005369e-07
3.8573347183e-07
3.9518607764e-07
3.96949104697e-07
3.90493880786e-07
3.78379894528e-07
3.74466935682e-07
3.65850780781e-07
3.63683682281e-07
3.52505679757e-07
3.4917994185e-07
3.50717272113e-07
3.51437734025e-07
3.551150769e-07
