0.0
3.85992649399e-07
3.66456731626e-07
3.58733018402e-07
3.53929721086e-07
4.95552228585e-07
4.67471551246e-07
4.5519698233e-07
4.43538084482e-07
4.32226329394e-07
4.31200277262e-07
4.26204906034e-07
4.25069401899e-07
4.22229561536e-07
4.2050396587e-07
3.3267772892e-07
3.35951739316e-07
3.3452991488e-07
3.32897798216e-07
3.34536792934e-07
3.33365676397e-07
3.34068090524e-07
3.33875220804e-07
3.35972458743e-07
3.39533471561e-07
3.46852175426e-07
3.45848917505e-07
3.4241531921e-07
3.39137670835e-07
3.35551135322e-07
3.32939066539e-07
3.31077615101e-07
3.35958645792e-07
3.3715505765e-07
3.38644923659e-07
3.40687535072e-07
3.41948094729e-07
3.41808686244e-07
3.48525134086e-07
3.52583526819e-07
3.56651156608e-07
3.58904372888e-07
3.59197258604e-07
3.63762779898e-07
3.65230960142e-07
3.62139644494e-07
3.61408297067e-07
3.66175328281e-07
3.59618894663e-07
3.57990842303e-07
3.57648531235e-07
3.60491583251e-07
3.62498440154e-07
3.60878175343e-07
3.60756445161e-07
3.6405759829e-07
3.73766965822e-07
3.74291886374e-07
3.80428502922e-07
3.85755669186e-07
3.85681630632e-07
3.81259809501e-07
3.76373321842e-07
3.75072659153e-07
3.66507237004e-07
3.67005384305e-07
3.57662798933e-07
3.5358229411e-07
3.55235812322e-07
3.54170879291e-07
3.57206658919e-07
