3.89689773783e-07
3.84601520409e-07
3.41829604622e-07
3.55797340035e-07
3.37792187111e-07
3.31029582412e-07
3.33296839017e-07
3.85466961461e-07
3.66615495295e-07
3.53631918415e-07
3.71765452201e-07
3.66341254221e-07
3.3165403579e-07
3.28749592882e-07
3.2098353131e-07
2.8832641874e-07
3.59461637345e-07
3.78555881753e-07
3.45309331351e-07
3.59225822422e-07
3.51246967512e-07
3.67381005617e-07
3.36905941367e-07
3.5402189269e-07
3.62756878758e-07
3.71939904653e-07
3.45617621633e-07
3.2653875337e-07
3.23290691995e-07
3.37522038762e-07
3.49327905269e-07
3.44287371945e-07
3.75467038793e-07
3.47758430053e-07
3.98701018867e-07
3.78944719159e-07
3.74197071551e-07
3.3539231481e-07
3.84061991099e-07
3.71482030914e-07
3.80465280614e-07
3.86711349165e-07
3.77815439379e-07
4.03389122994e-07
3.90166178477e-07
3.67041508298e-07
3.5926154851e-07
3.75072659153e-07
3.04228876757e-07
3.69327239014e-07
3.96220940502e-07
3.92007564187e-07
3.92209102529e-07
4.02307165359e-07
4.11523473076e-07
4.06742572068e-07
4.49640310762e-07
3.8692641624e-07
3.63460856079e-07
3.91030397395e-07
3.69689558966e-07
3.57983708454e-07
3.38027831503e-07
3.67973740367e-07
3.02023607901e-07
3.77207499014e-07
3.45743785601e-07
3.47884991925e-07
3.83235033041e-07
4.09850400729e-07
4.18388566459e-07
