0.0
1.68053202287e-06
1.66422159964e-06
1.6705021153e-06
1.61522257258e-06
1.64123377999e-06
1.60992419751e-06
1.54071358338e-06
1.56194573719e-06
1.59926332799e-06
1.6218654082e-06
1.58815703344e-06
1.56227349635e-06
1.55079180786e-06
1.57720921834e-06
1.89868626421e-06
1.91828371499e-06
2.35940524362e-06
2.7940484415e-06
2.72037482318e-06
2.65343032879e-06
2.63722154159e-06
2.67565246759e-06
2.64632808467e-06
3.02773355543e-06
2.54032647717e-06
2.93441576105e-06
2.46684135163e-06
2.01828856916e-06
1.99488385988e-06
2.01080979423e-06
2.00614704227e-06
1.94004019249e-06
1.94336234927e-06
1.61134641985e-06
1.63534411968e-06
1.31554520522e-06
1.30424825784e-06
1.29625550471e-06
1.30193495806e-06
1.26310931137e-06
1.24381040223e-06
1.23351492221e-06
1.1798806554e-06
1.13045302896e-06
1.08027325041e-06
1.04773766907e-06
1.04093987829e-06
1.02610624708e-06
1.01493071725e-06
1.01207444914e-06
1.05737501599e-06
1.06511174636e-06
1.0649887372e-06
1.10176449652e-06
1.14622423553e-06
1.18420950912e-06
1.20212700949e-06
1.22249764445e-06
1.2094574231e-06
1.22899120925e-06
1.16231035463e-06
1.14079375635e-06
1.17134993616e-06
1.15000511869e-06
1.12797022211e-06
1.08767051188e-06
1.07767289137e-06
1.06066272565e-06
1.09309769414e-06
1.07599055355e-06
1.07539710825e-06
1.10106384454e-06
1.10725193281e-06
1.10760322514e-06
1.0794803984e-06
1.09469362997e-06
1.09604104637e-06
1.10828079869e-06
1.08136384824e-06
1.11016413484e-06
1.11667986857e-06
1.11693179861e-06
1.13068119845e-06
1.12000805075e-06
1.16043474918e-06
1.16079422696e-06
1.15956163427e-06
1.15750867735e-06
1.14092108561e-06
1.12743850877e-06
1.1434691487e-06
1.16099977276e-06
1.14796068829e-06
1.16810088002e-06
1.14862484679e-06
1.14323972866e-06
1.13004750801e-06
1.10627365757e-06
1.13982628136e-06
1.13880832942e-06
1.12566715416e-06
1.11887288767e-06
1.13263411095e-06
1.14987733468e-06
1.16562853236e-06
1.20129061543e-06
1.22856829421e-06
1.27228997826e-06
1.27815928863e-06
1.28217868678e-06
1.30397597786e-06
1.31992419483e-06
1.30294165501e-06
1.27880628042e-06
1.3038400084e-06
1.31234764922e-06
1.33668584112e-06
1.36219352953e-06
1.37169888603e-06
1.40380109315e-06
1.42250689805e-06
1.43273371123e-06
1.47991818267e-06
1.52609936777e-06
1.525039238e-06
1.49463051002e-06
1.4652785012e-06
1.42708870499e-06
1.42281976423e-06
1.38392863391e-06
1.38794234772e-06
1.3939315977e-06
1.37499591801e-06
1.385050723e-06
1.38622942814e-06
1.40928659675e-06
1.44064961205e-06
1.43624606608e-06
1.44288264892e-06
1.48831225033e-06
1.4800051531e-06
1.45657566009e-06
1.44953446579e-06
1.44735372487e-06
1.44586260831e-06
1.44551859194e-06
1.41918178542e-06
1.44319767514e-06
1.46415322888e-06
1.47247351379e-06
1.45484966652e-06
1.47777257098e-06
1.49950221839e-06
1.47977323195e-06
1.48839944814e-06
1.51099800405e-06
1.54978249611e-06
1.54379279138e-06
1.52209645421e-06
1.49565096308e-06
1.50195569404e-06
1.50543473865e-06
1.47765672409e-06
1.48883589191e-06
1.47504954384e-06
1.47010212004e-06
1.47232890413e-06
1.45579895161e-06
1.42945373227e-06
1.44457283113e-06
1.47426771946e-06
1.44168006955e-06
1.46325896822e-06
1.41994883052e-06
1.43581758039e-06
1.40838108109e-06
1.37161521252e-06
1.38777386383e-06
1.42270596371e-06
1.42583576235e-06
1.43741783631e-06
1.47629486946e-06
1.47128753269e-06
1.55560542225e-06
1.53772589329e-06
1.52816176069e-06
1.52942948262e-06
1.51595497755e-06
1.49705078911e-06
1.50213099914e-06
1.49029074237e-06
1.47730895605e-06
1.4553386336e-06
1.43907618622e-06
1.47928017213e-06
1.51173082941e-06
1.53364874222e-06
1.56614987645e-06
1.62140986504e-06
1.61261777976e-06
1.57421629865e-06
1.57565261816e-06
1.60188744758e-06
1.57188389949e-06
1.24623124975e-06
1.26000293221e-06
1.26761483443e-06
1.26064526285e-06
1.26021700453e-06
1.27543830786e-06
1.28471754124e-06
1.31141916881e-06
1.28744841277e-06
1.34701485877e-06
1.67898701875e-06
1.66314532635e-06
1.65096116689e-06
1.64425898674e-06
1.59426213031e-06
1.58242346515e-06
1.57714919169e-06
1.52898724082e-06
1.54815052156e-06
1.48938863731e-06
1.47027560615e-06
1.45255000916e-06
1.44339821873e-06
1.40092129186e-06
1.41370549045e-06
1.41972157053e-06
1.45438957588e-06
1.4878469301e-06
1.51651272517e-06
1.50962091539e-06
1.19447997804e-06
9.54978645495e-07
9.75591774477e-07
9.8541272564e-07
9.87236035144e-07
9.87307089417e-07
7.40235179819e-07
7.38431140235e-07
7.3679302659e-07
5.26880512552e-07
5.29913393166e-07
7.39373888337e-07
7.42945360344e-07
