0.0
7.6751254241e-09
8.72268035579e-09
8.95535734458e-09
6.72101752031e-09
6.48731424135e-09
6.19751450159e-09
4.12233225333e-09
4.10070066792e-09
3.26080029645e-09
3.69223296381e-09
2.94367419329e-09
2.21585083615e-09
1.75314607276e-09
2.4314161795e-09
3.74134989656e-09
4.58964910521e-09
4.8227994931e-09
5.0936446172e-09
5.48607292927e-09
5.66276892044e-09
6.42343378487e-09
3.39043482178e-09
5.20328535814e-09
5.30135846333e-09
5.14814857411e-09
4.90610441162e-09
4.25153290351e-09
5.52377743546e-09
7.84549314403e-09
7.88050336098e-09
3.3000742139e-09
2.53557375096e-09
2.18047468969e-09
1.52987966739e-09
5.53037837747e-10
5.8566052008e-10
6.08846029149e-10
6.45371756036e-10
6.38965158561e-10
6.56567245017e-10
5.79630621278e-10
4.68545813259e-10
4.79685957622e-10
5.09921826986e-10
1.2336740518e-09
1.24755361597e-09
1.37590683291e-09
1.4230835399e-09
1.44952205794e-09
1.59367308239e-09
1.72678937815e-09
1.80342729639e-09
1.80672254935e-09
1.9322901057e-09
4.80199699449e-11
3.4154534756e-10
9.13323860985e-11
8.35519500808e-11
9.72733005256e-10
9.89357262782e-10
1.43596357027e-09
1.7222356874e-09
6.92800350421e-09
5.55822099457e-09
4.817741317e-09
4.85414874962e-10
9.84212045196e-10
1.23076959735e-09
1.48643108933e-09
