0.0
1.68053202287e-06
1.72376792307e-06
1.68823680724e-06
1.62551089034e-06
1.65322887824e-06
1.63653339769e-06
1.56653777594e-06
1.61040838975e-06
1.63235756645e-06
1.67219741343e-06
1.65457788626e-06
1.58590444244e-06
1.57361807851e-06
1.60844228958e-06
1.55661666668e-06
1.57448550908e-06
1.62198671205e-06
1.62226001521e-06
1.56698547471e-06
1.56737360157e-06
1.52106701989e-06
1.54237113748e-06
1.52521590735e-06
1.48401056776e-06
1.45459091527e-06
1.39717053571e-06
1.40089309753e-06
1.36879634738e-06
1.30994521896e-06
1.33035337058e-06
1.35846721605e-06
1.30345881644e-06
1.29234967972e-06
1.31606475406e-06
1.32411832965e-06
1.33969206217e-06
1.31595550101e-06
1.29641830426e-06
1.3307384279e-06
1.2914282479e-06
1.27945338591e-06
1.28666408727e-06
1.23621737202e-06
1.11403608116e-06
1.00092813682e-06
9.73849864749e-07
9.77806621449e-07
9.87733528746e-07
9.81346261142e-07
1.01608395653e-06
1.0403075521e-06
1.06501329356e-06
1.08290157641e-06
1.12943928343e-06
1.20296363093e-06
1.22883250242e-06
1.22508242839e-06
1.24764233078e-06
1.24009068259e-06
1.26683664803e-06
1.21744153603e-06
1.19507933505e-06
1.20647030144e-06
1.18748084788e-06
1.16161641017e-06
1.10349196802e-06
1.0821821661e-06
1.06019626855e-06
1.07448238396e-06
1.06029449398e-06
1.06737661554e-06
1.09257439362e-06
1.09961331418e-06
1.095417133e-06
1.08824247036e-06
1.09936331683e-06
1.13507132937e-06
1.14247507099e-06
1.10286589461e-06
1.1649078715e-06
1.16467629141e-06
1.182523647e-06
1.21257971841e-06
1.20547531424e-06
1.19067863125e-06
1.19429762435e-06
1.19080880268e-06
1.18343132272e-06
1.18286084216e-06
1.17465515359e-06
1.2008987369e-06
1.21215964555e-06
1.19726973935e-06
1.20919537494e-06
1.19768719742e-06
1.17553395285e-06
1.16459909805e-06
1.1455351796e-06
1.193906769e-06
1.1870911294e-06
1.18698733331e-06
1.179906576e-06
1.20233607959e-06
1.21331493119e-06
1.21736263736e-06
1.25543067497e-06
1.27129499106e-06
1.30315936531e-06
1.29891702727e-06
1.31032732043e-06
1.31808963033e-06
1.33390324208e-06
1.36191533784e-06
1.34601896207e-06
1.37382187404e-06
1.37773702136e-06
1.37351457852e-06
1.38940333727e-06
1.42264912029e-06
1.49751770095e-06
1.51886251842e-06
1.49387278725e-06
1.51886251842e-06
1.54435565491e-06
1.54391136675e-06
1.52721884206e-06
1.4933774537e-06
1.46372042309e-06
1.44709554206e-06
1.4058640545e-06
1.42609201248e-06
1.45928174788e-06
1.43013789966e-06
1.43427519106e-06
1.43053705415e-06
1.44738237395e-06
1.48494018504e-06
1.45154456277e-06
1.46406659951e-06
1.50593211856e-06
1.49798449911e-06
1.46859940742e-06
1.45246372085e-06
1.46112563471e-06
1.50613686856e-06
1.50596144977e-06
1.48113656451e-06
1.50186815517e-06
1.54761653448e-06
1.56012856678e-06
1.53429834882e-06
1.5592949012e-06
1.59350963713e-06
1.57170450166e-06
1.55049497153e-06
1.58473358169e-06
1.61937657595e-06
1.59329897542e-06
1.57684985425e-06
1.53805115133e-06
1.57313957061e-06
1.56871692525e-06
1.5216845668e-06
1.54681595177e-06
1.55189059114e-06
1.55652742251e-06
1.58659497629e-06
1.54779456807e-06
1.52177278778e-06
1.50976734403e-06
1.53896792199e-06
1.52183167756e-06
1.55141538016e-06
1.47163461861e-06
1.49096024415e-06
1.46643321841e-06
1.42948226767e-06
1.46654861055e-06
1.50479127115e-06
1.49195022914e-06
1.49638003677e-06
1.52589313984e-06
1.50897653839e-06
1.58545401518e-06
1.58146372087e-06
1.58449347509e-06
1.57568240411e-06
1.54586712142e-06
1.54118708906e-06
1.54957479026e-06
1.52000870912e-06
1.50321238834e-06
1.48232652464e-06
1.53308781137e-06
1.61498019224e-06
1.62438652751e-06
1.63284494192e-06
1.62870423992e-06
1.67790585692e-06
1.66908489518e-06
1.62943456417e-06
1.63705192335e-06
1.66800703028e-06
1.63760114447e-06
1.62867377185e-06
1.62897811151e-06
1.61119498898e-06
1.59299804636e-06
1.61813284194e-06
1.63567949585e-06
1.63567949585e-06
1.66692950643e-06
1.67077951119e-06
1.7063453015e-06
1.70158364199e-06
1.70152156898e-06
1.68396445588e-06
1.72020122591e-06
1.65350468251e-06
1.62712240126e-06
1.63159609201e-06
1.55298971549e-06
1.56218402481e-06
1.51892118083e-06
1.49824711571e-06
1.4646436739e-06
1.44022033055e-06
1.39491703521e-06
1.42768692513e-06
1.43127863339e-06
1.48938863731e-06
1.52748395976e-06
1.5446520365e-06
1.54450390255e-06
1.53598216457e-06
1.59203523253e-06
1.61416221545e-06
1.6270615788e-06
1.59615922257e-06
1.59173441716e-06
1.59579781212e-06
1.58698549058e-06
1.58308318987e-06
1.59158400947e-06
1.63537470144e-06
1.60514809977e-06
1.60545027938e-06
