3.06712007523
3.06644773483
3.06674623489
3.06650161743
3.06744003296
3.0663292408
3.0664935112
3.06518101692
3.06575751305
3.06592416763
3.06644535065
3.0655708313
3.06677746773
3.06547570229
3.06617116928
3.06517338753
3.06595611572
3.06638050079
3.06574583054
3.06574726105
3.06609582901
3.06626987457
3.06630659103
3.06641960144
3.06594467163
3.06586647034
3.06697249413
3.06576418877
3.06670260429
3.06686806679
3.06622505188
3.06617832184
3.06635308266
3.06546187401
3.06609988213
3.06630659103
3.0652244091
3.06516623497
3.06652450562
3.06570649147
3.06586265564
3.06598806381
3.06532239914
3.06574034691
3.06553125381
3.06521129608
3.0664961338
3.06571149826
3.06537222862
3.06561636925
3.06512546539
3.06491613388
3.06494379044
3.06515574455
3.06482934952
3.06347703934
3.06440544128
3.06561017036
3.06428837776
3.06475543976
3.06472659111
3.06512212753
3.06380105019
3.06477117538
3.06530356407
3.06501173973
3.06469202042
3.06477069855
3.06534171104
3.0642516613
3.06520700455
3.06548047066
3.0649356842
3.06471157074
3.06482100487
3.06510043144
3.06469726562
3.06429672241
3.06473994255
3.06476402283
3.06484436989
3.06470370293
3.06480979919
3.0649766922
3.06502938271
3.06446170807
3.06452775002
3.06517410278
3.06452512741
3.06396245956
3.06461501122
3.06499838829
3.0645544529
3.06471467018
3.06424188614
3.06465387344
3.06408238411
3.06500959396
3.06441569328
3.06484985352
3.06487250328
3.06563329697
3.06433153152
3.065076828
3.06508612633
3.0645377636
3.06441235542
3.06510591507
3.06424355507
3.06448292732
3.06577992439
3.06433725357
3.06462407112
3.06498765945
3.06520462036
3.0643787384
3.06425285339
3.06485319138
3.06440091133
3.06595253944
3.06500291824
3.06445789337
3.06499123573
3.06430459023
3.06430006027
3.06482839584
3.06538486481
3.06518554688
3.0651948452
3.06515312195
3.06549572945
3.06482219696
3.06486487389
3.06500220299
3.06440854073
3.06500768661
3.06503534317
3.06450271606
3.06494402885
3.06509876251
3.06480526924
3.06525182724
3.06551504135
3.06537103653
3.06545948982
3.06550788879
3.06557583809
3.06632447243
3.06530046463
3.06604814529
3.06603074074
3.06583309174
3.065076828
3.06483411789
3.06540465355
3.06518864632
3.06600475311
3.06510710716
3.06597566605
3.06504607201
3.0659570694
3.06533312798
3.06587934494
3.06472301483
3.06579637527
3.0652153492
3.06559443474
3.06580424309
3.06488895416
3.06544017792
3.06539511681
3.06484150887
3.06483960152
3.06492137909
3.06576752663
3.06535887718
3.06499195099
3.06532120705
3.06477284431
3.06517839432
3.06518483162
3.06607341766
3.06559586525
3.06537413597
3.06577420235
3.06533169746
3.06534790993
3.06586194038
3.06564927101
3.06575226784
3.06521439552
3.0658891201
3.06639170647
3.06585073471
3.06558442116
3.06594848633
3.06588864326
3.06531453133
3.06521058083
3.0656080246
3.06539511681
3.06605029106
3.06625890732
3.06522417068
3.06662535667
3.06674051285
3.06580734253
3.06622362137
3.06634759903
3.06702852249
3.06569838524
3.06636810303
3.06668710709
3.06666326523
3.06675028801
3.0670170784
3.06670737267
3.0672492981
3.06648039818
3.06624722481
3.06680321693
3.06610989571
3.0675444603
3.06672525406
3.06741404533
3.06659722328
3.06629061699
3.06669688225
3.06680083275
3.06630325317
3.06660437584
3.06634449959
3.06666326523
3.06647729874
3.0669426918
3.06653904915
3.06716656685
3.06711769104
3.06662034988
3.06704330444
3.0662124157
3.06676912308
3.06728172302
3.06773543358
3.0670979023
3.06659698486
3.06738138199
3.06698274612
3.06675291061
3.06682252884
3.06663608551
3.06656646729
3.06682538986
3.06678557396
3.06676054001
3.06706023216
3.06704735756
3.06711745262
