2.02455210686
2.02437829971
2.0244333744
2.02443742752
2.02440142632
2.02455639839
2.02429318428
2.02468419075
2.0246694088
2.02468299866
2.02505946159
2.02475047112
2.02514839172
2.02454161644
2.02469396591
2.02450370789
2.02485585213
2.02485656738
2.02444791794
2.02489948273
2.02483677864
2.02496480942
2.02470135689
2.02484154701
2.02503347397
2.02507328987
2.02488708496
2.0250582695
2.02486038208
2.02503991127
2.02457046509
2.02504324913
2.02466273308
2.02499985695
2.02489471436
2.02475738525
2.02496814728
2.02478551865
2.02462005615
2.02486872673
2.0248644352
2.02472019196
2.02486920357
2.02484059334
2.02481341362
2.02475452423
2.02514982224
2.02501726151
2.02505159378
2.02491784096
2.02504849434
2.02482223511
2.0250916481
2.02514076233
2.02497172356
2.02482438087
2.02501416206
2.02489066124
2.02498483658
2.02503299713
2.02505350113
2.02505517006
2.02517819405
2.02540302277
2.02508592606
2.02500724792
2.0250685215
2.02502179146
2.0248773098
2.02489089966
2.02486252785
2.02513718605
2.02501130104
2.02461719513
2.02486348152
2.0250108242
2.0250582695
2.02474474907
2.02474498749
2.02488732338
2.02527689934
2.02524328232
2.02509689331
2.0251429081
2.02481985092
2.02503323555
2.02514672279
2.02485728264
2.02518033981
2.02482509613
2.02458810806
2.02466845512
2.02522230148
2.02482199669
2.0251531601
2.02530741692
2.02529478073
2.02517938614
2.02519822121
2.02517461777
2.02489423752
2.02477359772
2.02519369125
2.02520132065
2.02518129349
2.02504682541
2.02480530739
2.0250453949
2.02509856224
2.02515673637
2.02506709099
2.02498722076
2.02478480339
2.02460932732
2.02504968643
2.02519416809
2.02521491051
2.02551484108
2.02517914772
2.02518701553
2.02581787109
2.02543640137
2.02537941933
2.02512836456
2.02510976791
2.02500319481
2.02517580986
2.02505731583
2.02480173111
2.02546358109
2.02542376518
2.02501893044
2.02542185783
2.02555060387
2.02521395683
2.02510666847
2.0249145031
2.02507400513
2.02479052544
2.02485823631
2.02493166924
2.02538537979
2.02572226524
2.02486157417
2.02514529228
2.02569103241
2.02542042732
2.02465343475
2.02493166924
2.02511286736
2.02518129349
2.02493524551
2.02487778664
2.02499985695
2.02523064613
2.02511000633
2.02515530586
2.02541685104
2.02535271645
2.02555847168
2.02522110939
2.02539253235
2.0253264904
2.02493453026
2.02511382103
2.02511239052
2.02501010895
2.02490949631
2.02488183975
2.02517080307
2.02512049675
2.02491092682
2.02525115013
2.02507281303
2.02515792847
2.02499914169
2.02490735054
2.02506566048
2.02519440651
2.02519392967
2.02510333061
2.02525877953
2.0250518322
2.02520036697
2.02527213097
2.02515029907
2.02574157715
2.02554440498
2.02526450157
2.02551317215
2.02550339699
2.02540493011
2.02507257462
2.02539086342
2.02536320686
2.02552628517
2.02484798431
2.02516794205
2.02525043488
2.02535390854
2.02512931824
2.02503585815
2.02517080307
2.02509856224
2.0252571106
2.02536654472
2.02527308464
2.02513933182
2.02513599396
2.02537274361
2.02506422997
2.02526021004
