3.06138730049
3.06109905243
3.06033396721
3.06170630455
3.06206035614
3.06081914902
3.06136608124
3.06185126305
3.06081604958
3.06065654755
3.0620470047
3.06158447266
3.06213498116
3.06054878235
3.06049227715
3.06117033958
3.06196022034
3.05914330482
3.05953764915
3.06085753441
3.05885863304
3.05993199348
3.06022357941
3.06000733376
3.06010866165
3.05999302864
3.0595035553
3.06149935722
3.06083035469
3.06025671959
3.06125855446
3.06059455872
3.05957579613
3.05967259407
3.06074714661
3.05934596062
3.05954551697
3.05814385414
3.05838871002
3.0595908165
3.06016111374
3.06053066254
3.05834841728
3.06146240234
3.05793070793
3.05979037285
3.06060767174
3.05973052979
3.06045198441
3.0606777668
3.06100702286
3.05975866318
3.06022930145
3.06027030945
3.05928683281
3.06000232697
3.0597281456
3.06084012985
3.06082630157
3.06083583832
3.05978393555
3.05978417397
3.05948448181
3.06086826324
3.06066679955
3.06060791016
3.05950784683
3.06026744843
3.06121826172
3.06007361412
3.06102347374
3.06026673317
3.0591146946
3.06082367897
3.0590364933
3.06016874313
3.05883431435
3.06085419655
3.06028628349
3.0585091114
3.0602452755
3.06108617783
3.06047487259
3.06014585495
3.05914330482
3.0593252182
3.06107664108
3.06077361107
3.05959558487
3.06050658226
3.0610268116
3.06058835983
3.05994105339
3.06012630463
3.06084632874
3.06022191048
3.06154966354
3.06101918221
3.06095099449
3.06118893623
3.05953502655
3.0591738224
3.06168913841
3.0604801178
3.06087017059
3.06122517586
3.06106901169
3.06160259247
3.06156015396
3.06169986725
3.06077384949
3.06067943573
3.06012654305
3.06092524529
3.05979728699
3.06046009064
3.06116819382
3.06143474579
3.06128716469
3.06133341789
3.06217312813
3.06096029282
3.06118202209
3.06172728539
3.06042957306
3.06113433838
3.06096410751
3.06048607826
3.06044840813
3.06158447266
3.0612719059
3.06268620491
3.06067633629
3.06199979782
3.0609369278
3.06076622009
3.06131625175
3.06183838844
3.0608727932
3.0605237484
3.060359478
3.06080555916
3.06118535995
3.06043171883
3.06153178215
3.06086802483
3.06112957001
3.06140112877
3.05951547623
3.06090521812
3.06012153625
3.06168293953
3.06043124199
3.06053590775
3.06117796898
3.06211018562
3.0619122982
3.06191587448
3.0625231266
3.06134700775
3.06195640564
3.06139564514
3.06081366539
3.06103539467
3.061450243
3.06113028526
3.060806036
3.06180763245
3.06020784378
3.06266546249
3.06162071228
3.061668396
3.06201171875
3.06364226341
3.06105327606
3.06156611443
3.06118345261
3.06154823303
3.05988192558
3.06061244011
3.0612757206
3.0622048378
3.06170082092
3.0621368885
3.06255364418
3.06042265892
3.0632712841
3.06158304214
3.06078267097
3.06014251709
3.06093239784
3.06032848358
3.06098532677
3.0614593029
3.06103372574
3.06119847298
3.06017994881
3.0613348484
3.05900001526
3.06122660637
3.06081175804
3.06176877022
3.06305932999
3.06113290787
3.06054139137
3.0624320507
3.06007361412
3.06018042564
3.06107854843
3.0620303154
3.06181621552
3.06094837189
3.06197142601
3.06178927422
3.06215977669
