2.02285671234
2.0229036808
2.02408647537
2.02352952957
2.02437877655
2.02433204651
2.02316188812
2.02483892441
2.0234746933
2.02407741547
2.0240983963
2.02477145195
2.02336764336
2.0225892067
2.02403116226
2.02260732651
2.0240187645
2.02412176132
2.02405953407
2.02292227745
2.02473068237
2.02404499054
2.02426099777
2.02434635162
2.024528265
2.02473521233
2.0238969326
2.02339506149
2.02356791496
2.02422523499
2.02405524254
2.02311420441
2.02339291573
2.02374625206
2.02368140221
2.02341246605
2.02374505997
2.02293014526
2.02256846428
2.02336382866
2.02361392975
2.02319645882
2.0232758522
2.02389502525
2.02392721176
2.02347683907
2.02291893959
2.02352499962
2.02492666245
2.02377915382
2.02335929871
2.02323722839
2.0241150856
2.02440929413
2.02497792244
2.02474570274
2.02429485321
2.02357292175
2.0236093998
2.02300739288
2.02431726456
2.02470755577
2.02391028404
2.02360057831
2.02437758446
2.02491474152
2.02408027649
2.02354073524
2.02450251579
2.0246026516
2.02306294441
2.02366781235
2.02479457855
2.02452731133
2.02346229553
2.02339529991
2.0237569809
2.02428245544
2.02515053749
2.02310299873
2.02402257919
2.02396535873
2.02399563789
2.02381229401
2.02317786217
2.02325344086
2.02393531799
2.02362155914
2.02311730385
2.02343010902
2.02368950844
2.02368736267
2.02327537537
2.02384662628
2.02345466614
2.02387928963
2.02356719971
2.02372908592
2.02338933945
2.02363181114
2.02374505997
2.02399277687
2.02395939827
2.02372479439
2.02341794968
2.02430868149
2.02347755432
2.02366304398
2.02380990982
2.02380299568
2.02376079559
2.02319788933
2.02380919456
2.02388238907
2.02335071564
2.02315568924
2.02283072472
2.02392268181
2.0235657692
2.02416777611
2.02386832237
2.0236620903
2.02350997925
2.02437472343
2.02370500565
2.02383518219
2.0239071846
2.02368307114
2.02375531197
2.02345061302
2.0231359005
2.02321815491
2.02351784706
2.02378034592
2.02297306061
2.02300286293
2.02332782745
2.02362799644
2.02333593369
2.02355504036
2.02326750755
2.02326536179
2.02321004868
2.02292561531
2.0234503746
2.02324557304
2.02362298965
2.0242524147
2.02333807945
2.02350735664
2.02425193787
2.02362751961
2.02321052551
2.02356529236
2.02325296402
2.02342295647
2.0234105587
2.02373290062
2.02368807793
2.02311325073
2.02327036858
2.02329230309
2.02297830582
2.02348017693
2.02350521088
2.02365517616
2.02381777763
2.02336287498
2.02321815491
2.02330565453
2.02296090126
2.02325057983
2.02376031876
2.0234503746
2.0237827301
2.02292323112
2.02345299721
2.02309012413
2.02373027802
2.02345013618
2.02356266975
2.02312278748
2.02390003204
2.0236082077
2.02354502678
2.02355265617
2.02290296555
2.0249505043
2.02332758904
2.02302598953
2.02313542366
2.02398252487
2.02405238152
2.02299022675
2.02348017693
2.02359461784
2.02324032784
2.02337002754
2.0236928463
2.02316308022
2.02578878403
2.02455949783
2.0241920948
2.02446222305
2.02468252182
2.02407693863
2.0235376358
2.02318763733
2.02374720573
2.02324032784
2.02359700203
2.02458667755
2.0244345665
2.0240790844
2.02426218987
2.02425408363
2.02401518822
2.02423191071
2.02458643913
2.02473473549
2.02401518822
2.02324509621
2.02330040932
2.02339267731
2.0235877037
2.02331566811
2.0238199234
2.02305793762
2.02390003204
2.02377510071
2.02339792252
2.02301001549
2.02355051041
2.02325797081
2.02343201637
2.02347278595
2.0237326622
2.02312326431
2.02390980721
2.02315044403
2.02387213707
2.02319574356
2.02349567413
2.02377486229
2.02366256714
2.02345561981
2.02372264862
2.02358007431
2.02363777161
2.02400040627
