0.512172877789
0.512180566788
0.512176036835
0.512221038342
0.512306928635
0.512291669846
0.512224435806
0.512203752995
0.512251913548
0.512242794037
0.512195706367
0.512138783932
0.5121717453
0.512251734734
0.512130260468
0.512127876282
0.512185037136
0.51215493679
0.512172520161
0.512140095234
0.512140333652
0.512182116508
0.512172102928
0.512134790421
0.512130439281
0.512209653854
0.512069165707
0.51213568449
0.512153923512
0.51220703125
0.512145757675
0.51208460331
0.512122631073
0.512179434299
0.512052297592
0.512110412121
0.512231111526
0.512168705463
0.512149214745
0.512184917927
0.512156069279
0.512137830257
0.512155950069
0.512131929398
0.512232601643
0.512181341648
0.512103319168
0.512184977531
0.512161016464
0.512544155121
0.512848198414
0.512779414654
0.512811362743
0.512759685516
0.51281273365
0.512756824493
0.512818217278
0.512770295143
0.512797653675
0.512722253799
0.512821614742
0.512803554535
0.512732863426
0.51278924942
0.512849628925
0.512802600861
0.512748718262
0.512699782848
0.512754321098
0.512787282467
0.512806415558
0.512851059437
0.512854754925
0.512865960598
0.512780427933
0.512776494026
0.512815892696
0.512752771378
0.51286149025
0.512873530388
0.512805342674
0.512859761715
0.512860000134
0.512911081314
0.512787818909
0.512913882732
0.512786090374
0.512838184834
0.512810647488
0.512840151787
0.512821674347
0.512968480587
0.51283031702
0.512791395187
0.51283210516
0.512776374817
0.512845695019
0.512848138809
0.51277256012
0.512823760509
0.51281440258
0.512846589088
0.512862741947
0.512784123421
0.5128287673
0.51284122467
0.512809872627
0.512760162354
0.5127415061
0.512781977654
0.512764811516
0.512858390808
0.512879788876
0.51281940937
0.512757897377
0.512814581394
0.512848198414
0.512817203999
0.512855410576
0.512778580189
0.512793064117
0.512745678425
0.512822926044
0.512790560722
0.51277667284
0.512910723686
0.512766718864
0.512838363647
0.512752234936
0.512801647186
0.512849092484
0.512780427933
0.512835800648
0.512824118137
0.512813329697
0.512840569019
0.512790799141
0.512861192226
0.512794137001
0.512803018093
0.51281774044
0.512819766998
0.512785851955
0.512760877609
0.512824952602
0.512871921062
0.512741863728
0.512851655483
0.512798130512
0.512849092484
0.51281952858
0.512795269489
0.512815177441
0.512793302536
0.512752950191
0.512779057026
0.512766182423
0.512850522995
0.512835681438
0.512831389904
0.51273304224
0.512813508511
0.51287060976
0.512835919857
0.512796282768
0.512836277485
0.512799084187
0.512859225273
0.512699306011
0.512775361538
0.51283967495
0.512837350368
0.512813746929
0.512848556042
0.512810707092
0.51278501749
0.512833535671
0.512772142887
0.51283121109
0.51277756691
0.512789309025
0.512775599957
0.512829899788
0.51279181242
0.512767314911
0.512776613235
0.512832403183
0.512822926044
0.512807428837
0.51275241375
0.512846708298
0.512747526169
0.512831032276
0.512887716293
0.512820839882
0.512877702713
0.512829124928
0.512782931328
0.512817203999
0.512791574001
0.512749433517
0.512851297855
0.512908399105
0.512824475765
0.512800037861
0.512827754021
0.512896120548
0.512793302536
0.51285046339
0.512813270092
0.512822926044
0.512865364552
0.512866377831
0.512874126434
0.512926995754
0.512827455997
0.512922406197
0.512841403484
0.512826025486
0.51288819313
0.512888252735
0.51279270649
0.512893021107
0.512808561325
0.512930810452
0.512810230255
0.512827336788
0.512901008129
0.512907505035
0.512821733952
0.512861967087
0.512832641602
0.51288408041
0.512832522392
0.512828409672
0.512873649597
0.51283800602
0.512875258923
0.512897312641
0.51282453537
0.512851893902
0.512826859951
0.512895047665
0.512831509113
0.512881398201
0.512890934944
0.512852907181
0.512808144093
0.512898504734
0.512887954712
0.512842655182
0.512886464596
0.512843549252
0.512908041477
0.512900948524
