1.51711237431
1.5170596838
1.51715433598
1.51696503162
1.51693344116
1.51703834534
1.51705431938
1.51710212231
1.5169980526
1.51702523232
1.51700103283
1.51701676846
1.51705372334
1.5169878006
1.51698172092
1.51710629463
1.5171289444
1.51702642441
1.51699233055
1.51704216003
1.51709365845
1.51703000069
1.51699662209
1.51705443859
1.51710915565
1.51698958874
1.5169724226
1.51709330082
1.51698458195
1.5169813633
1.51700687408
1.5169891119
1.51696336269
1.5169737339
1.51704537868
1.5170211792
1.51695811749
1.51695299149
1.51705479622
1.51695215702
1.51692342758
1.5169775486
1.51701188087
1.51696705818
1.51701724529
1.51704537868
1.51705873013
1.51709282398
1.51706016064
1.51699435711
1.51703727245
1.51710140705
1.51702082157
1.51697313786
1.51693546772
1.51756024361
1.51770317554
1.51765239239
1.51772928238
1.51769828796
1.5176782608
1.51765072346
1.51764285564
1.51767551899
1.51756715775
1.51764059067
1.51760435104
1.51758813858
1.51743650436
1.51755642891
1.51755297184
1.51761186123
1.51750552654
1.51756393909
1.51758599281
1.51757621765
1.51743221283
1.517578125
1.51752209663
1.51748299599
1.51750445366
1.51755356789
1.51752018929
1.51746761799
1.51747906208
1.51748991013
1.51755094528
1.51747214794
1.51746475697
1.51750910282
1.51743412018
1.5174779892
1.5174292326
1.51744961739
1.51753604412
1.51742362976
1.51753652096
1.51747810841
1.51752817631
1.51750600338
1.51745665073
1.51755237579
1.51751756668
1.51754260063
1.517557621
1.51740717888
1.51757323742
1.51750183105
1.51761889458
1.5176295042
1.51759397984
1.51759362221
1.51767027378
1.51762068272
1.51759707928
1.51766777039
1.51769840717
1.51764082909
1.51766228676
1.51762187481
1.51762902737
1.51758468151
1.51762056351
1.5177128315
1.5176500082
1.51767075062
1.5176846981
1.51773250103
1.51770317554
1.51763510704
1.51772856712
1.51770973206
1.5176794529
1.51766610146
1.51773071289
1.51764559746
1.51759982109
1.51766991615
1.51775360107
1.51770627499
1.51769030094
1.51770055294
1.51772332191
1.51765024662
1.51770210266
1.51767885685
1.51772677898
1.51768505573
1.51779174805
1.51762223244
1.5177308321
1.51771616936
1.51768279076
1.51770961285
1.51772761345
1.51772928238
1.51770913601
1.51763617992
1.51770484447
1.5177526474
1.51769888401
1.51773238182
1.51771056652
1.51770102978
1.51776134968
1.51773023605
1.5177257061
1.51774263382
1.51769995689
1.51774525642
1.51774287224
1.51774764061
1.51772940159
1.51773929596
1.51773500443
1.51773333549
1.51778054237
1.51775991917
1.51770782471
1.51771950722
1.51775181293
1.51773536205
1.51769399643
1.51768183708
1.5177680254
1.51771318913
1.51771569252
1.51768767834
1.51772880554
1.51769351959
1.51770401001
1.51766967773
1.51770484447
1.51775884628
1.517750144
1.51778531075
1.51769971848
1.51767015457
1.51768577099
1.51774799824
1.51773428917
1.51774263382
1.51776707172
1.5177667141
1.51778197289
1.51773107052
1.51769733429
1.51769578457
1.51773309708
1.51771998405
1.51768934727
1.51770043373
1.5177321434
1.5177448988
1.51772606373
1.51779067516
1.51775765419
1.51774859428
1.51769411564
1.517770648
1.51770818233
1.51776909828
1.51772427559
1.5178180933
1.5178360939
1.51780259609
1.51782524586
1.51777887344
1.517837286
1.51770293713
1.51769435406
1.51777303219
1.51776468754
1.51782488823
1.51781249046
1.51778101921
1.51786458492
1.51783311367
1.51782357693
1.51787543297
