1.51630187035
1.51617431641
1.51621973515
1.51612925529
1.51605534554
1.51610636711
1.51608836651
1.51619243622
1.51631295681
1.51604521275
1.51624751091
1.51636123657
1.51628184319
1.51646006107
1.51651477814
1.51661837101
1.51659333706
1.51655304432
1.51653194427
1.51651716232
1.51631498337
1.51626598835
1.51628363132
1.51638948917
1.51645767689
1.51636314392
1.51616668701
1.51620078087
1.51635289192
1.51624321938
1.51633000374
1.51616215706
1.51622962952
1.51645576954
1.51651275158
1.51636791229
1.51625013351
1.51642942429
1.51638674736
1.51644515991
1.51629972458
1.51629567146
1.51643145084
1.51639401913
1.51636064053
1.51638686657
1.51636075974
1.51635289192
1.51629924774
1.51627790928
1.51632654667
1.51633501053
1.51641118526
1.5162923336
1.51623475552
1.51631963253
1.5163731575
1.51616024971
1.51611793041
1.51628768444
1.516269207
1.51621699333
1.51609694958
1.51615786552
1.51632654667
1.51630342007
1.51621925831
1.51619362831
1.51628375053
1.51627337933
1.51625180244
1.51615893841
1.5161730051
1.51696789265
1.51697838306
1.51712095737
1.51716089249
1.51707017422
1.51705825329
1.51699960232
1.51703155041
1.51701688766
1.5169403553
1.51696014404
1.5169698
1.51682722569
1.51661241055
1.51686549187
1.51677680016
1.51687633991
1.51673352718
1.51691293716
1.51685857773
1.51682627201
1.51666891575
1.51688528061
1.51677131653
1.5168261528
1.51675879955
1.51679217815
1.51692283154
1.51674354076
1.5167042017
1.51672387123
1.5167607069
1.51673471928
1.51668167114
1.51681685448
1.51672577858
1.51674199104
1.51676785946
1.51680803299
1.51681613922
1.51665365696
1.51679432392
1.51687943935
1.51680397987
1.51680278778
1.51667416096
1.51686322689
1.51686656475
1.51682889462
1.51675403118
1.51671612263
1.5169262886
1.51665651798
1.51692390442
1.51691186428
1.51698768139
1.51695430279
1.51699233055
1.51692938805
1.51699018478
1.51698482037
1.51697742939
1.51695895195
1.51697790623
1.51701235771
1.51699566841
1.5169005394
1.51698720455
1.51700901985
1.51692676544
1.51697444916
1.51694500446
1.51701307297
1.51701307297
1.51687133312
1.51701164246
1.51705574989
1.51701283455
1.51694774628
1.51704728603
1.51693058014
1.51687097549
1.5170481205
1.51705229282
1.5170173645
1.51698219776
1.51696097851
1.51704764366
1.51693916321
1.51696395874
1.51700747013
1.51697683334
1.51708829403
1.51708400249
1.51694703102
1.51704645157
1.51710295677
1.51691913605
1.51696908474
1.51704788208
1.51707804203
1.51700544357
1.51692211628
1.51696586609
1.51706588268
1.51701498032
1.51697432995
1.51707327366
1.51713061333
1.51707732677
1.51706051826
1.51703107357
1.51714324951
1.51703500748
1.51711523533
1.51707959175
1.51711905003
1.51715290546
1.51709008217
1.51706397533
1.51701247692
1.51708424091
1.51702356339
1.51701462269
1.5170198679
1.51700687408
1.51708257198
1.5170173645
1.51699507236
1.51697063446
1.51693570614
1.51693427563
1.51698374748
1.51701116562
1.51692354679
1.51700460911
1.51693606377
1.51706755161
1.51701486111
1.51717364788
1.51705431938
1.51701319218
1.51701200008
1.51701772213
1.51697957516
1.51701641083
1.51707649231
1.51709020138
1.51710700989
1.51697766781
1.51699924469
1.51695072651
1.51710581779
1.51698231697
1.51704645157
1.51694297791
1.51695728302
1.5170122385
1.51709890366
1.51716089249
1.5170571804
1.51696062088
1.51706433296
1.51709342003
1.51697456837
1.51700603962
1.51701176167
1.517141819
1.51718723774
1.51712608337
1.51709401608
1.51705908775
1.51722800732
1.51711535454
1.51696681976
1.51709401608
1.51713979244
1.5172649622
1.51709592342
1.51706409454
1.517177701
1.51720488071
1.51720011234
1.51712691784
