1.51431798935
1.51442432404
1.51431894302
1.51475632191
1.51473927498
1.51463413239
1.51503682137
1.51501917839
1.51468658447
1.51505434513
1.51507198811
1.51477444172
1.51468646526
1.51526463032
1.51521146297
1.51517701149
1.51444089413
1.51496613026
1.51466906071
1.51437139511
1.51398587227
1.51426625252
1.51454651356
1.51454639435
1.51417851448
1.51423060894
1.51423120499
1.51419627666
1.51414823532
1.51406598091
1.51412582397
1.51486241817
1.51466929913
1.51475679874
1.51452863216
1.51473903656
1.51468658447
1.51477336884
1.51452898979
1.51447582245
1.51465129852
1.5145111084
1.51452898979
1.51479125023
1.51477372646
1.51489627361
1.51459884644
1.51463317871
1.51473855972
1.51482629776
1.51466870308
1.51431930065
1.51421320438
1.51463353634
1.51459825039
1.51456391811
1.5145983696
1.51456403732
1.51458072662
1.51447629929
1.51468884945
1.51440608501
1.51473844051
1.5146510601
1.51507198811
1.51487886906
1.51475596428
1.51440596581
1.51470398903
1.51419591904
1.51461589336
1.51546275616
1.51579082012
1.51579070091
1.51573824883
1.51583087444
1.51551067829
1.51530110836
1.51556348801
1.51537060738
1.51528322697
1.51530086994
1.515370965
1.51502108574
1.5148986578
1.51507329941
1.51510822773
1.51514363289
1.51502120495
1.51507353783
1.51552844048
1.5150386095
1.51479351521
1.51519572735
1.51489841938
1.51521360874
1.51542341709
1.51526606083
1.51570343971
1.51505613327
1.51488113403
1.51498627663
1.51503825188
1.51523089409
1.51507341862
1.5154235363
1.51496839523
1.51488113403
1.51477587223
1.51510858536
1.51514327526
1.51495099068
1.51514363289
1.51533603668
1.51503801346
1.51512813568
1.51521360874
1.51509106159
1.51540601254
1.51516103745
1.51488077641
1.51502120495
1.51535594463
1.51489818096
1.51586318016
1.51583111286
1.51556837559
1.51562070847
1.51558589935
1.51581311226
1.51555085182
1.51546299458
1.51597070694
1.51548099518
1.5154106617
1.51553273201
1.51560330391
1.51537823677
1.51569128036
1.51556837559
1.51556813717
1.51576089859
1.51570820808
1.51562333107
1.51544559002
1.51553344727
1.51579344273
1.51583099365
1.51579594612
1.51553308964
1.51583337784
1.51555073261
1.51572370529
1.51569080353
1.51595318317
1.51561808586
1.51557087898
1.51574337482
1.51600551605
1.51577854156
1.51598572731
1.51567339897
1.51583087444
1.51570820808
1.51600813866
1.51583302021
1.51583313942
1.51602292061
1.51563847065
1.51562058926
1.51576077938
1.51595318317
1.51581335068
1.51572561264
1.51576089859
1.51579844952
1.51567316055
1.51567316055
1.51609325409
1.51586818695
1.51609349251
1.51581299305
1.51593577862
1.51593565941
1.51583087444
1.51604068279
1.51600551605
1.51607573032
1.51616299152
1.51604068279
1.51607334614
1.51609313488
1.51623094082
1.51586353779
1.51579546928
1.51584565639
1.51581335068
1.5162332058
1.51605832577
1.51561617851
1.51591348648
1.51558089256
1.51554632187
1.51547586918
1.51579344273
1.51565110683
1.51587843895
1.51565122604
1.51568603516
1.51577317715
1.51547586918
1.51610600948
1.51587855816
1.51593089104
1.51586091518
1.51584362984
1.51565122604
1.51582598686
1.51615846157
1.51628100872
1.51593077183
1.51591336727
1.51565098763
1.51573836803
1.51601850986
1.51580858231
1.51589596272
1.51563358307
1.51582598686
1.51587820053
1.51594817638
1.51628100872
1.51593112946
1.51589596272
1.51598346233
1.51601862907
1.51572084427
1.51584351063
1.51584351063
1.51594853401
1.51603603363
1.51619303226
1.51589596272
1.51593089104
1.5162986517
1.51601827145
1.51589620113
1.51607084274
1.51612353325
1.5163859129
1.51608860493
1.51624584198
1.5163859129
1.51614093781
1.51621091366
1.51610612869
