0.511744022369
0.511797189713
0.512121200562
0.512204825878
0.512316703796
0.512075483799
0.512079179287
0.511943638325
0.511972427368
0.51214069128
0.512047708035
0.511950731277
0.511848568916
0.512346386909
0.512089192867
0.5120921731
0.51200056076
0.512145996094
0.512024521828
0.511893093586
0.511907696724
0.51175057888
0.511768579483
0.511671066284
0.512012600899
0.511890411377
0.511765539646
0.511786878109
0.511804521084
0.511790990829
0.511696517467
0.511579990387
0.511788129807
0.511691510677
0.511690795422
0.511550843716
0.511703073978
0.511350154877
0.511418581009
0.511427283287
0.512202560902
0.512581288815
0.512472450733
0.512667238712
0.512706756592
0.512623012066
0.512642025948
0.512590229511
0.51271545887
0.512673437595
0.5126542449
0.5125400424
0.512500584126
0.512537240982
0.512554049492
0.512523651123
0.512463748455
0.512484073639
0.51227581501
0.512621164322
0.512673437595
0.512475550175
0.512688338757
0.512698054314
0.512466430664
0.512423396111
0.512418448925
0.512520253658
0.512275934219
0.512427508831
0.512539565563
0.512826561928
0.512532532215
0.512555241585
0.512644529343
0.512630701065
0.512489080429
0.512475192547
0.512512505054
0.51250243187
0.51265412569
0.512519419193
0.512655079365
0.512473523617
0.51243442297
0.512459695339
0.512754380703
0.512568593025
0.512609422207
0.512619316578
0.512546420097
0.512709796429
0.512550830841
0.512424826622
0.512617468834
0.512558460236
0.512632131577
0.512624621391
0.512276172638
0.512485325336
0.512567579746
0.51246291399
0.512601971626
0.512701511383
0.512414097786
0.512421667576
0.512435913086
0.512636184692
0.5124142766
0.512347459793
0.512476623058
0.512333989143
0.512581586838
0.512453734875
0.512375414371
0.512518107891
0.512451708317
0.512214064598
0.512580215931
0.512360572815
0.512556016445
0.512480139732
0.512542903423
0.512467563152
0.512618780136
0.512631237507
0.512511253357
0.512673854828
0.512522161007
0.512451052666
0.512492775917
0.512496709824
0.512398898602
0.512732446194
0.512690782547
0.512623786926
0.512542903423
0.512662231922
0.51257699728
0.512750208378
0.512789964676
0.512575030327
0.512737214565
0.512707531452
0.512672007084
0.512673199177
0.512844502926
0.512672185898
0.512705683708
0.512687504292
0.512538194656
0.512861430645
0.512680947781
0.512819051743
0.512810587883
0.512803971767
0.512871444225
0.512751638889
0.512732505798
0.512778759003
0.512700498104
0.512911617756
0.512830495834
0.512973427773
0.512638747692
0.512789666653
0.512846052647
0.512992978096
0.512971758842
0.512950479984
0.512892365456
0.512723922729
0.512888014317
0.512940168381
0.512893915176
0.513004183769
0.512892305851
0.513018786907
0.512983858585
0.512888848782
0.512646973133
0.512756049633
0.512914121151
0.512996375561
0.512840211391
0.512664616108
0.513004779816
0.512963652611
0.512835264206
0.512926340103
0.512976646423
0.512766361237
0.512876033783
0.513118028641
0.512800455093
0.512739777565
0.512845337391
0.512960910797
0.512934446335
0.512950003147
0.512811243534
0.512939035892
0.512731313705
0.512963831425
0.512904465199
0.512846410275
0.512906074524
0.512877523899
0.512830078602
0.512874364853
0.513016343117
0.512921392918
0.51278668642
0.513012945652
0.512950479984
0.513183116913
0.51294362545
