2.0243024826
2.02369165421
2.0242626667
2.02394938469
2.02414512634
2.02477931976
2.02468156815
2.02461862564
2.02439808846
2.02488708496
2.02507472038
2.02458524704
2.0245347023
2.02447223663
2.02498865128
2.02453517914
2.02468085289
2.02469778061
2.02456021309
2.02423286438
2.02428245544
2.02450633049
2.02421498299
2.02375817299
2.02397680283
2.02423405647
2.02407741547
2.02418088913
2.02407646179
2.02415943146
2.02421689034
2.02375888824
2.02401065826
2.02462816238
2.02419948578
2.02431416512
2.02428627014
2.0241932869
2.02426171303
2.02456784248
2.02461147308
2.02452945709
2.02419900894
2.02448368073
2.02425813675
2.02463817596
2.02468419075
2.02441382408
2.02445459366
2.02457737923
2.02538156509
2.02453327179
2.02436161041
2.02435088158
2.02478170395
2.02471804619
2.02405619621
2.02444386482
2.02434778214
2.02503728867
2.02460503578
2.0242638588
2.02446770668
2.02466654778
2.02499842644
2.02445316315
2.02464580536
2.02466988564
2.02447533607
2.02488136292
2.02504038811
2.02458500862
2.02446770668
2.02462124825
2.0243947506
2.02446985245
2.02429795265
2.02440404892
2.02434515953
2.0241560936
2.02405643463
2.02380824089
2.02439117432
2.02418661118
2.02454400063
2.0246553421
2.02457070351
2.02490472794
2.0246617794
2.02467489243
2.02480316162
2.02454423904
2.02432489395
2.0249350071
2.02466344833
2.02482032776
2.02449917793
2.02463126183
2.02435207367
2.02471065521
2.02484345436
2.02438497543
2.02479100227
2.02451705933
2.02425718307
2.02392196655
2.02419829369
2.02495980263
2.02522230148
2.02540183067
2.02553057671
2.02477216721
2.02470564842
2.0256319046
2.02538776398
2.02545189857
2.02518582344
2.02484679222
2.02467155457
2.02480840683
2.02490711212
2.02479314804
2.02426075935
2.02479934692
2.02484130859
2.02443766594
2.02463054657
2.02490210533
2.0245988369
2.0247631073
2.02431941032
2.02422618866
2.0244448185
2.02445173264
2.02474212646
2.02487611771
2.02509832382
2.0256023407
2.02466583252
2.02493190765
2.02527928352
2.02479529381
2.02434682846
2.02435278893
2.02476859093
2.0249402523
2.02473425865
2.02429962158
2.02430295944
2.02455925941
2.02452540398
2.02477622032
2.02441048622
2.02489376068
2.02476668358
2.0251853466
2.02486991882
2.02478027344
2.0248939991
2.02481436729
2.02453565598
2.02463245392
2.0248131752
2.02437281609
2.02422094345
2.02449560165
2.02452588081
2.0245308876
2.0243370533
2.02442789078
2.0246694088
2.02442407608
2.02446651459
2.02435302734
2.02463173866
2.02458000183
2.02422094345
2.02477288246
2.02445220947
2.02441358566
2.02442884445
2.02453970909
2.02499961853
2.02447867393
2.02452611923
2.02450180054
2.02464914322
2.02490162849
2.02480530739
2.02467107773
2.02511954308
2.0250813961
2.02480173111
2.02491807938
2.02502918243
2.02495336533
2.02492427826
2.02490496635
2.02466106415
2.02474522591
2.02476191521
2.02506065369
2.02475881577
2.02509760857
2.02493739128
2.02490949631
2.02497434616
2.02506613731
2.02493429184
2.0250813961
2.02473521233
2.02425384521
2.02464652061
2.02486562729
2.02525067329
2.02466773987
2.02459549904
2.0248105526
2.02519726753
2.02516031265
2.02497720718
2.0247490406
2.0249838829
2.02482295036
2.02476787567
2.02451324463
2.02458643913
2.02487254143
2.02524375916
2.0246117115
2.02501106262
2.02471661568
2.02486085892
2.02499628067
2.02493429184
2.02497625351
2.02495574951
2.02513217926
2.02504014969
2.02509760857
