3.06564092636
3.06658935547
3.06571578979
3.06695652008
3.06568455696
3.06422972679
3.06457924843
3.06471395493
3.06632590294
3.06529593468
3.06372094154
3.06458210945
3.06423711777
3.06443524361
3.064193964
3.06456828117
3.06485104561
3.06498384476
3.06475234032
3.06455111504
3.06519365311
3.06429600716
3.06510734558
3.06532454491
3.06468701363
3.06415724754
3.06521105766
3.06355524063
3.06445741653
3.0643157959
3.06321430206
3.06380915642
3.06440329552
3.06386947632
3.0639166832
3.06411552429
3.06365323067
3.06439638138
3.06410861015
3.06321048737
3.06502270699
3.06459403038
3.06392121315
3.06392121315
3.06312799454
3.06358218193
3.06337428093
3.06378102303
3.06329059601
3.06220984459
3.06346940994
3.0635201931
3.06282258034
3.06325912476
3.06302642822
3.0643863678
3.06229805946
3.06341910362
3.06379055977
3.06341433525
3.06383895874
3.06427526474
3.06254029274
3.06362366676
3.06406545639
3.06360411644
3.06341409683
3.06363224983
3.06383657455
3.06277251244
3.06337094307
3.06324720383
3.06323456764
3.06307387352
3.06332015991
3.06354379654
3.06392288208
3.06371235847
3.06293344498
3.06310153008
3.06347465515
3.06334757805
3.06268978119
3.06326127052
3.06328582764
3.06296944618
3.0632288456
3.0626475811
3.06300520897
3.06245803833
3.06364703178
3.06296849251
3.06294751167
3.06399726868
3.06434702873
3.06296443939
3.0635972023
3.06318235397
3.06303811073
3.06299090385
3.06309962273
3.06259250641
3.06347084045
3.06421947479
3.06329512596
3.06338143349
3.06365942955
3.06382131577
3.06318354607
3.06285834312
3.06344842911
3.06317448616
3.06443166733
3.06357908249
3.0632545948
3.06378674507
3.06290960312
3.06243801117
3.06391239166
3.06386232376
3.06329393387
3.06401467323
3.06355905533
3.06389212608
3.06333756447
3.06350517273
3.06376099586
3.0634572506
3.06377077103
3.06355929375
3.06364369392
3.06330060959
3.06362199783
3.06328439713
3.06381416321
3.06382679939
3.06434369087
3.06439399719
3.06422543526
3.06449007988
3.06510472298
3.06413793564
3.06503582001
3.06476593018
3.06432628632
3.06418848038
3.06371951103
3.06382703781
3.06377434731
3.06427240372
3.06386756897
3.06419157982
3.06408858299
3.06496047974
3.06396412849
3.06509590149
3.06340003014
3.064006567
3.06410908699
3.06438946724
3.06442761421
3.06352782249
3.0640232563
3.06435823441
3.06354928017
3.06390190125
3.06316399574
3.06415343285
3.0641105175
3.06392145157
3.06430602074
3.06313943863
3.06366705894
3.06328392029
3.06493592262
3.06429100037
3.06376338005
3.06444311142
3.06418037415
3.06400585175
3.06437849998
3.06402397156
3.06477975845
3.064234972
3.06481051445
3.06512975693
3.064483881
3.06469035149
3.06459188461
3.06394529343
3.06377363205
3.06399703026
3.06460618973
3.0642375946
3.06495451927
3.06505179405
3.06398057938
3.0655207634
3.06501245499
3.06442952156
3.06463456154
3.06446957588
3.06557512283
3.06380796432
3.06476521492
3.06495475769
3.06521201134
3.06513190269
3.06516981125
3.0655310154
3.06538128853
3.06509709358
3.06511807442
3.06542134285
3.06458854675
3.06633400917
3.06544446945
3.06642603874
3.06531524658
3.06465816498
3.0647726059
3.06499242783
3.06447887421
3.06477713585
3.0647418499
3.06532788277
3.06460881233
3.0653128624
3.06487894058
3.06503820419
3.06541228294
3.06439352036
3.06506037712
3.06460046768
3.06504559517
3.0656683445
3.06661629677
3.06553006172
3.06523180008
3.06572937965
3.06578445435
3.06511425972
3.06501698494
3.06537365913
3.06514382362
3.06543660164
3.06580162048
3.06550860405
3.06550097466
3.06537294388
3.06576013565
