1.01404893398
1.0140478611
1.01405239105
1.01403594017
1.01402950287
1.0140337944
1.01402270794
1.01402139664
1.01406061649
1.01406729221
1.01403546333
1.01411128044
1.01412642002
1.0140619278
1.01402378082
1.01404869556
1.01402175426
1.0140235424
1.01402997971
1.01403141022
1.01400327682
1.01404237747
1.01408231258
1.01410388947
1.01407670975
1.01406419277
1.01406347752
1.01406061649
1.01404440403
1.01397228241
1.0139721632
1.01395976543
1.01404976845
1.0139913559
1.01395821571
1.0139991045
1.01396620274
1.01399540901
1.0139747858
1.0139926672
1.01401662827
1.01398444176
1.01401376724
1.01403594017
1.01401209831
1.0140004158
1.0140106678
1.01468122005
1.01465678215
1.01455068588
1.0146279335
1.01461076736
1.01461648941
1.0145418644
1.01463413239
1.01459693909
1.01455461979
1.01454699039
1.01456904411
1.0145714283
1.01459622383
1.01459002495
1.01454639435
1.01461815834
1.01459348202
1.01459360123
1.01461648941
1.01458525658
1.01457941532
1.01451337337
1.01459109783
1.01455628872
1.01459372044
1.01462078094
1.01455414295
1.01458406448
1.01455378532
1.01458775997
1.01457357407
1.01452350616
1.01457881927
1.01458835602
1.0145945549
1.014585495
1.01461553574
1.01457607746
1.01461708546
1.01459383965
1.01462590694
1.01470327377
1.01463007927
1.01458954811
1.01454758644
1.01459479332
1.01459097862
1.01458764076
1.01459467411
1.01462578773
1.01460909843
1.0146099329
1.01459825039
1.01461267471
1.01457941532
1.01457607746
1.01461601257
1.01465260983
1.01462697983
1.01463413239
1.01465201378
1.01463413239
1.01466035843
1.01456999779
1.01463389397
1.01462960243
1.01463079453
1.01459944248
1.01460087299
1.0146343708
1.01460278034
1.01460778713
1.0146099329
1.01472079754
1.01464688778
1.01470172405
1.01467466354
1.01470816135
1.01466333866
1.01468670368
1.01469087601
1.01471161842
1.01474046707
1.01473200321
1.01469039917
1.01477766037
1.01475608349
1.01474046707
1.01471912861
1.01469707489
1.01472198963
1.01472425461
1.01472115517
1.01471030712
1.01473557949
1.01471447945
1.01472747326
1.01473677158
1.01473677158
1.01471734047
1.01471316814
1.01474094391
1.0147536993
1.01476216316
1.01470959187
1.01472783089
1.01471579075
1.01474094391
1.01475191116
1.01476657391
1.01475214958
1.01473391056
1.01476669312
1.01474225521
1.01475274563
1.014772892
1.01477336884
1.01476955414
1.0146985054
1.01475942135
1.01470720768
1.01475918293
1.01472735405
1.01468324661
1.01474869251
1.01476955414
1.01475834846
1.01473414898
1.01473283768
1.01479244232
1.01478135586
1.01471674442
1.01476192474
1.01474022865
1.01471853256
1.01473748684
1.01471471786
1.01475822926
1.01477015018
1.01476740837
1.01478779316
1.01473152637
1.01475000381
1.01462578773
1.01465773582
1.01463246346
1.01464319229
1.01464152336
1.01466441154
1.01460206509
1.01463329792
1.0146150589
1.01457548141
1.01462590694
1.01470315456
1.01464688778
1.01462733746
1.01464664936
1.01462376118
1.01463747025
1.01465058327
1.01465833187
1.01466083527
1.01465952396
1.01462757587
1.01464998722
1.01473701
1.01465547085
1.01466405392
1.01467311382
1.01467788219
1.01462590694
1.0146831274
1.01466023922
1.01462435722
1.01470518112
1.01468420029
1.01469302177
1.01468551159
1.01466298103
1.01463603973
1.01467990875
1.01464855671
1.01468980312
1.01468610764
1.01470422745
1.01468682289
1.01471114159
1.01471281052
1.01470398903
