1.08543048327e-07
1.09140835036e-07
1.64906197142e-07
1.6238891476e-07
1.1979369674e-07
1.90560626834e-07
1.61803384913e-07
1.70608871031e-07
1.74152603449e-07
1.8182687711e-07
1.9075841351e-07
1.55902583288e-07
1.36716138854e-07
1.43182120382e-07
1.69134892758e-07
1.62216025501e-07
1.26528618694e-07
1.36636813863e-07
1.50009796585e-07
1.475086151e-07
1.36583935273e-07
1.37360430585e-07
1.49963625518e-07
1.20066161458e-07
1.0786074256e-07
1.35563738013e-07
1.44928577583e-07
1.29471388277e-07
1.32343885184e-07
1.55827279968e-07
1.57100444653e-07
1.39756593853e-07
1.19678190913e-07
1.4156283612e-07
1.99211811491e-07
1.51286826622e-07
1.35397002055e-07
1.30942510168e-07
1.64635224564e-07
1.76789200168e-07
2.01506267672e-07
1.91216884105e-07
1.7201013236e-07
1.43371636341e-07
1.44756171494e-07
1.22757754184e-07
1.72940872289e-07
1.89552409324e-07
1.56430189691e-07
1.4442075269e-07
1.75458438889e-07
1.98680098151e-07
1.63225863048e-07
1.3294302903e-07
1.42155499816e-07
1.80730566512e-07
1.8501265231e-07
1.44330158491e-07
1.24711817762e-07
1.46987119365e-07
1.93360108369e-07
1.81786219855e-07
1.39213426564e-07
1.36724963795e-07
1.50425620404e-07
1.71496324697e-07
2.09329357403e-07
1.26130331068e-07
1.60903141477e-07
1.5861606073e-07
1.59824267598e-07
1.82366093782e-07
1.52578579105e-07
1.28803108623e-07
1.31529830583e-07
1.57421894187e-07
1.42515290236e-07
1.45219175351e-07
1.26638880715e-07
1.3801509624e-07
1.24694977899e-07
1.47820102825e-07
1.47737623024e-07
1.32326533731e-07
1.53922599111e-07
1.38928911042e-07
1.55206720365e-07
1.43155048704e-07
1.493456665e-07
1.36504652914e-07
1.45610115965e-07
1.40068721066e-07
1.49963625518e-07
1.5970991285e-07
1.58378753667e-07
1.49179868458e-07
1.37563745284e-07
1.72584137204e-07
1.39783338682e-07
1.46804367773e-07
1.52485469584e-07
1.52215591243e-07
1.50573612245e-07
1.29522859993e-07
1.52457531044e-07
1.55328876872e-07
1.3508136476e-07
1.28008565525e-07
1.1664590005e-07
1.56920947347e-07
1.43100933769e-07
1.66780097288e-07
1.54774966177e-07
1.46767831666e-07
1.40998253073e-07
1.75338627173e-07
1.48416532397e-07
1.53473934006e-07
1.5630763528e-07
1.47572706055e-07
1.50360904172e-07
1.38777878078e-07
1.27301532871e-07
1.30253226871e-07
1.41293838851e-07
1.51333196641e-07
1.21557803823e-07
1.22599089991e-07
1.34241460614e-07
1.45464596812e-07
1.34538623797e-07
1.42695355976e-07
1.32040483436e-07
1.31962522687e-07
1.29960838535e-07
1.199092452e-07
1.38768996294e-07
1.3124464715e-07
1.4527368819e-07
1.70254537579e-07
1.34617337721e-07
1.40899786061e-07
1.70234855545e-07
1.45446406918e-07
1.29978019459e-07
1.43082900195e-07
1.31512535972e-07
1.37749509577e-07
1.37289760005e-07
1.4949313254e-07
1.47765106817e-07
1.26494683172e-07
1.3214446426e-07
1.3294302903e-07
1.21740754366e-07
1.3988140779e-07
1.40819253147e-07
1.46503055021e-07
1.52792850372e-07
1.35528622991e-07
1.30253226871e-07
1.33430290816e-07
1.21134235087e-07
1.31426091343e-07
1.50555109713e-07
1.38768996294e-07
1.51425950889e-07
1.19826694345e-07
1.38866710131e-07
1.25673508933e-07
1.49391738091e-07
1.3876011451e-07
1.42983708429e-07
1.26834095227e-07
1.56024981379e-07
1.44710824657e-07
1.4231734724e-07
1.42605316e-07
1.19126212894e-07
2.002773698e-07
1.34232720939e-07
1.23410188735e-07
1.27284522478e-07
1.59300469704e-07
1.62100818102e-07
1.22157047144e-07
1.3988140779e-07
1.44194316931e-07
1.31054690655e-07
1.35792063816e-07
1.47948469476e-07
1.28273129008e-07
2.39549166281e-07
1.83161120049e-07
1.67774700799e-07
1.79021682811e-07
1.88464056805e-07
1.63091030458e-07
1.42038658169e-07
1.29154159367e-07
1.50046730596e-07
1.31054690655e-07
1.44284868497e-07
1.84326182762e-07
1.77853422656e-07
1.63177702461e-07
1.70658111642e-07
1.70323403381e-07
1.60606816735e-07
1.69409560158e-07
1.84315965157e-07
1.90737594608e-07
1.60606816735e-07
1.31227366751e-07
1.33238756916e-07
1.36627988923e-07
1.43931899288e-07
1.3379630559e-07
1.52876751258e-07
1.24535063151e-07
1.56024981379e-07
1.51129214032e-07
1.36821938668e-07
1.22849655781e-07
1.42524299918e-07
1.31694179117e-07
1.38085965773e-07
1.39605120353e-07
1.49483909695e-07
1.26851077198e-07
1.56411331886e-07
1.27820968032e-07
1.54925075435e-07
1.29445638208e-07
1.40461622777e-07
1.51119948555e-07
1.46786092614e-07
1.38964466601e-07
1.49097004964e-07
1.43642594708e-07
1.4583764596e-07
1.60014948847e-07
