3.64212282555e-09
3.69504160602e-09
1.0837422515e-08
1.02229531507e-08
1.2748293976e-08
9.63927959674e-09
8.31911606269e-09
7.23980164707e-09
6.65956756407e-09
1.14142784113e-08
8.64361471287e-09
1.11596616392e-08
5.76085801285e-09
1.36302107379e-08
9.56766044169e-09
1.09439541873e-08
6.58662280273e-09
1.27510526582e-08
8.39752711812e-09
6.59219967503e-09
5.88538595636e-09
4.40158043347e-09
4.72599115398e-09
5.70075986417e-09
1.26593322491e-08
9.66917479417e-09
7.23562054716e-09
6.01177108095e-09
6.67309496549e-09
7.27560411917e-09
4.75654715615e-09
2.66995914266e-09
5.49720269305e-09
5.90392579269e-09
4.22326795757e-09
3.40958972167e-09
4.08549194475e-09
9.96944193865e-10
1.43630185523e-09
2.05157468791e-09
4.6091086503e-10
8.78924666381e-09
8.92746876424e-10
1.78785153349e-09
1.74640035766e-09
7.61482699119e-09
7.34697058746e-09
1.00753032584e-08
6.27392493513e-09
1.72427916389e-09
1.51238366275e-09
8.95018725799e-09
9.71163149899e-10
8.62474003327e-09
7.18477233264e-09
8.92915785755e-09
7.87729792506e-09
8.39798341978e-10
7.46679429398e-09
9.59214041529e-09
1.04106625542e-08
7.23360260579e-09
1.57400914524e-09
9.90881243723e-09
7.79694919739e-10
6.26726115449e-10
7.18593229365e-09
8.34382429815e-09
6.59135768188e-09
7.43739203557e-09
9.25910637051e-09
2.53023868524e-09
1.13425857595e-09
8.82790551771e-09
1.02445092409e-08
1.61688273881e-09
9.19907205965e-10
8.46793479781e-09
9.07833097585e-09
9.67100954874e-10
1.68444325155e-09
1.12874909419e-09
1.56035306897e-09
8.6899837326e-10
7.57840123988e-10
8.22169055059e-10
2.25814900112e-09
1.25786137062e-09
1.39611200378e-09
1.44725620377e-09
1.05868203093e-09
1.90104310072e-09
1.21842502754e-09
6.6589295189e-10
5.90075988072e-10
1.12989373413e-09
1.50210366368e-09
1.51209889054e-09
2.80359901961e-10
8.9892016053e-10
1.2019371054e-09
8.05514488444e-10
1.33705002625e-09
3.06193431721e-10
6.16751205662e-10
6.5121991133e-10
7.0110339756e-10
1.63846158863e-09
6.89176493651e-10
5.43745048986e-10
8.32037938547e-10
4.42589298544e-10
1.33681798964e-09
1.16569565112e-09
5.0327747525e-10
9.03622676685e-10
1.13021170201e-09
1.71585176623e-10
1.30981436808e-09
4.72709871246e-10
1.10798292763e-09
1.00470853859e-09
1.13352971454e-09
1.10311748625e-09
1.35285782576e-09
1.42806477754e-09
9.40126310134e-10
3.08875880428e-09
9.87777970529e-10
7.45152273218e-10
8.7373850377e-09
8.8897111894e-09
5.76451775203e-10
2.70155314785e-10
3.56800422541e-10
4.84742745943e-10
8.03645150427e-10
4.24144996902e-10
1.21495546956e-09
2.19723836348e-10
1.65863323076e-10
1.23370114125e-09
2.63596172667e-10
3.68726466027e-10
3.84238779683e-10
6.33236174608e-09
4.83757300884e-09
4.10189271438e-10
3.23241849953e-10
1.71864977805e-09
8.42983183258e-10
2.86494539203e-09
1.76295344989e-09
5.38469269173e-09
1.3095359519e-10
2.76210032624e-09
5.92456292359e-11
2.69383931828e-10
2.28310259587e-09
1.97389687928e-10
3.58832935587e-10
4.57364013329e-09
2.60257726481e-09
4.05326039399e-09
9.90984361238e-09
2.38902297944e-09
5.14127895812e-09
3.84125087294e-09
3.37238570403e-09
3.46117223771e-09
2.774469543e-09
6.168066502e-09
3.16677195578e-09
3.54968232585e-09
4.13838893709e-11
6.64438800204e-14
4.47895540101e-11
1.29127481277e-12
1.08714523928e-12
3.03849589933e-09
1.70139335953e-09
2.49595744073e-09
3.27675686584e-09
3.67672492452e-09
2.97854141351e-09
1.72532121923e-09
9.88581165171e-14
3.79012021767e-09
2.95604096756e-09
4.74379602267e-09
3.7848839618e-09
2.21612173057e-09
3.29353033734e-09
6.30228924603e-11
2.56275778376e-09
2.12931872134e-09
1.31990418595e-08
1.51986530028e-08
3.3842810776e-09
8.96354778596e-12
2.43732078964e-09
3.37832450903e-09
2.28540253389e-09
4.36439995255e-09
3.57211038526e-09
2.75526601534e-09
5.13592190998e-09
5.95365007294e-11
1.06952481593e-10
2.83137557844e-09
3.85489284938e-09
3.19142889893e-09
2.31774244241e-09
4.29292734694e-09
1.34909914351e-08
7.52531281734e-09
3.61944341165e-09
