2.28752384146e-07
2.4354199013e-07
8.21514412053e-10
2.50110559818e-07
7.90997323197e-10
1.47225096697e-11
9.36275293406e-11
1.42307249318e-10
2.39758037424e-07
4.67760663536e-10
2.16990956453e-11
2.12033455682e-07
1.56889900377e-11
5.28532217992e-11
2.06510719636e-07
2.11939038763e-07
2.1661101357e-07
2.18681620368e-07
2.14898349782e-07
2.11616168144e-07
2.21601723638e-07
2.07715430633e-07
3.41916633895e-10
4.89185192354e-10
1.32066330094e-10
6.92034450578e-12
4.09412226343e-10
5.51965938234e-11
5.82927733861e-11
2.07842873579e-07
1.91632096858e-07
2.00483697199e-07
4.5330076498e-11
4.74952889518e-12
2.0209513707e-07
3.72762584688e-12
3.35586662625e-11
2.09479480873e-07
2.04930259429e-07
1.91522943283e-07
2.18922622253e-07
9.83838566171e-11
1.72430310048e-12
1.72526435412e-12
2.12051307069e-10
4.87649816361e-11
1.09143423466e-10
1.33547010256e-11
1.40334674437e-10
1.77277328817e-07
7.8518538893e-11
6.41869890572e-11
3.86951720666e-10
1.52893572802e-10
2.63670085765e-10
4.16520082314e-11
8.06300526346e-10
9.40642216896e-11
2.00038257958e-07
1.94676402998e-07
7.2203185271e-12
2.11521737625e-11
5.9359928084e-10
3.94605216558e-11
1.19743277793e-12
1.97153809722e-07
9.54800058461e-11
3.76595803153e-11
7.43169501632e-12
1.85330762292e-07
1.1021895896e-10
1.57810139956e-10
1.63198732306e-10
2.38860403678e-10
1.93182913222e-07
5.80419670659e-11
1.65607848615e-12
2.30421168257e-11
3.16798781652e-10
2.25056570602e-10
7.6737970145e-11
1.18626303225e-10
4.78369122092e-10
1.52178700197e-10
1.42069342401e-10
2.95277274853e-10
1.91684449646e-07
1.83333739301e-07
2.76212414052e-10
6.6257260789e-10
3.4682402783e-11
2.95988705767e-10
3.08926884074e-10
1.91696028524e-15
3.35200027457e-11
1.87734670476e-07
4.51820594827e-11
1.85915782769e-10
2.58169652323e-10
2.83186557537e-10
2.25761409567e-10
5.51735990229e-10
7.80520856281e-11
1.34122166498e-11
1.3850924574e-10
1.06513520226e-10
3.22790821849e-11
8.86303877512e-12
1.85528814534e-10
3.63800156666e-10
8.47576731022e-11
1.91157042195e-07
5.19739494498e-11
4.93534102475e-11
1.54683058029e-10
1.26655439608e-11
1.86942514802e-07
1.80199236866e-07
2.13264150263e-12
5.27300729122e-12
1.38823355589e-10
6.09500988634e-14
5.41779572594e-11
3.23491298852e-12
1.22398660651e-10
1.95690049054e-07
1.58972193048e-11
1.95146157012e-07
1.46310168841e-11
1.96654369233e-07
3.53712163725e-11
1.35983002636e-10
3.98447143335e-11
1.42639150491e-10
1.99945077384e-07
8.35027880175e-12
2.08267593393e-07
2.09092860359e-07
1.41857463276e-11
6.68200425546e-11
3.40109523878e-10
2.05833075029e-07
2.99093722012e-10
1.63458385716e-10
2.97414072536e-11
2.05909941542e-07
2.19038970989e-11
2.00695239982e-07
2.0007503565e-07
2.07033817173e-11
4.87857193879e-12
1.02552315598e-11
2.19236889927e-12
2.57027898964e-10
3.56161768914e-13
2.20067747136e-07
1.94086538841e-07
1.2410259181e-14
2.04880350907e-07
4.22991711102e-11
5.09601423559e-11
6.21095119779e-11
2.03528315978e-07
3.57687456043e-11
5.65757510285e-11
2.67466496e-12
1.90844090753e-07
6.5888800492e-12
2.04787781399e-07
1.71865603346e-12
2.61263580215e-11
2.0617621499e-10
3.08744037281e-11
1.92866437487e-07
2.43918329978e-10
2.35991365338e-11
1.99576959403e-07
5.47198016065e-11
9.07355527519e-12
9.89062838927e-15
4.00180201476e-11
1.61475826742e-13
1.69554731366e-10
1.53978670092e-11
1.833454083e-10
3.55597856716e-10
6.53588294597e-11
1.32943475672e-10
9.77562336635e-11
8.30572806712e-13
1.42838284603e-11
2.28134115365e-15
2.12819045942e-07
2.06654533486e-07
2.53283644058e-10
3.07788433629e-10
1.040015784e-13
6.44304165576e-10
2.85753948281e-10
2.09693965303e-07
1.12015112463e-10
6.15351797295e-11
6.91570356537e-10
2.00409971285e-07
1.63244223694e-10
2.53621651458e-10
4.09828448955e-10
3.56949803049e-10
3.8125702595e-10
6.53383791516e-10
5.31844568386e-10
3.35521999073e-10
3.48670814443e-10
2.25446868285e-07
9.65492547023e-11
2.39556669612e-07
5.82581261011e-10
1.64143654224e-09
4.82745399211e-10
1.20770421441e-10
1.66505267907e-10
2.74945233247e-10
6.39243935563e-11
1.68322411565e-10
1.53642917833e-10
4.91790663748e-10
2.12325858229e-07
4.80326833863e-10
2.16802959585e-07
2.19103739596e-07
5.55668566715e-10
4.31478290597e-11
3.13442077848e-10
1.00359491551e-10
3.05190234196e-10
7.75846165091e-10
1.90737736716e-09
6.52206566532e-10
4.23201113042e-10
8.32488189495e-10
8.87093398738e-10
3.46102840831e-10
2.88155860284e-10
5.25108012628e-10
3.65015684345e-10
5.7577032031e-10
9.04241792554e-10
2.26327998121e-07
6.27471796744e-10
5.25145760211e-10
8.63802696038e-10
