4.1513513338e-07
4.08839241572e-07
1.16393245264e-07
3.26625951175e-07
1.22485531051e-07
3.31029838208e-07
4.16259268832e-07
3.32038013084e-07
3.32938355996e-07
3.22698582522e-07
1.13192363926e-07
6.74431177572e-08
4.17922535689e-07
4.10207974255e-07
1.18581773734e-07
2.38667485775e-09
3.36746609264e-07
7.47412514102e-08
3.30830772555e-07
7.50411999206e-08
3.42415575005e-07
4.09704398407e-07
1.69429170693e-09
1.16346832613e-07
1.14951355101e-07
1.5303446288e-09
1.14287146857e-07
1.11667688429e-07
1.11024583305e-07
2.20467732959e-09
7.17964283581e-08
3.98480068498e-07
7.31704190571e-08
4.01171661224e-07
1.40388167758e-09
1.35056277273e-09
1.34738620261e-09
3.96953822701e-07
1.03054922818e-07
1.09567558582e-07
7.08044751718e-08
3.88435466903e-07
8.48629444494e-10
1.08746398553e-07
1.33138500225e-09
7.9107628892e-08
1.13396414481e-09
1.18852838682e-09
3.97769866822e-07
3.95132389031e-07
8.44893804697e-07
1.41642197971e-09
8.46199554871e-10
1.2815571937e-09
1.38135114458e-09
1.34101174609e-09
1.32275612685e-09
1.11546967219e-07
1.30275645827e-09
3.92735557853e-07
1.09172617613e-07
1.32313604517e-09
1.21065657499e-09
3.4561440998e-07
3.97453788992e-07
1.09726776998e-07
4.01321813115e-07
7.69520767108e-08
1.09362204626e-07
1.36420263974e-09
7.56754090503e-08
8.27994284247e-10
1.08537250298e-07
1.1760020735e-09
1.01742170244e-09
8.21145931695e-07
8.30781914374e-07
1.10338945092e-07
8.84916084853e-10
8.4119847088e-07
3.48783061099e-07
3.94310291085e-07
8.3293247144e-07
7.28929308025e-08
8.26430313072e-10
3.37541592899e-07
1.30234922846e-09
3.89835690839e-07
3.89286839209e-07
1.13382583322e-07
7.81333386879e-10
7.51051831838e-10
1.50619594574e-09
7.91516967524e-08
9.96384752483e-10
1.14167819643e-09
1.11213253717e-07
1.0495720959e-09
8.1434992083e-10
1.24603494189e-09
7.76318174189e-08
7.20670669807e-08
9.15927611533e-10
3.47609784512e-07
1.18901510859e-09
1.06116097243e-07
1.07096376212e-07
3.9510345573e-07
1.40248457292e-09
3.37974341846e-07
7.24921136452e-08
4.03600267873e-07
8.14860982246e-07
1.103887044e-07
1.07700870444e-07
7.63484280242e-08
1.12065912106e-07
3.8890976839e-07
8.20319144168e-07
7.37969045872e-08
7.61311653719e-08
3.40610796457e-07
1.10765000727e-07
7.3184217797e-08
7.48380486471e-08
1.1367151842e-07
7.32259124447e-08
1.1815947687e-07
7.39480157108e-08
4.05372105661e-07
6.98597162341e-08
1.81614745465e-09
1.09956353356e-07
7.44545118891e-08
8.45625777401e-07
1.45345029523e-06
7.25213311625e-08
1.69822034213e-09
1.36956013197e-09
1.73390168889e-09
1.14933428108e-07
8.40906238864e-07
8.45189902066e-07
1.50215218042e-09
1.46947753965e-09
3.9398665308e-07
1.49909612901e-06
1.26733390449e-09
9.20448717245e-10
1.27006638539e-09
7.63102434576e-08
7.31354390382e-08
7.48822515106e-08
8.40204563701e-07
1.35305699978e-09
8.22134097689e-07
8.40592974782e-07
9.68672919655e-10
8.58162138684e-07
1.33266231384e-09
8.4282203261e-07
4.03915095148e-07
3.41984559782e-07
8.11634095044e-07
1.60649382686e-09
1.42969447392e-09
8.47118883485e-07
3.97073335989e-07
7.16302537285e-08
6.9169452388e-08
1.1320415183e-07
1.16355685975e-07
8.60431157435e-07
1.90217175344e-09
1.06967945612e-09
7.41772296919e-08
7.28725595422e-08
3.99690975428e-07
8.53937194734e-07
8.65076970058e-07
1.14443299282e-09
2.69520117335e-09
6.89090882133e-08
1.55786405998e-09
6.56114735875e-08
4.04718406344e-07
8.63058744471e-07
2.12737782945e-09
6.68128024017e-08
6.54786589394e-08
6.63275727675e-08
2.1651249682e-09
2.65427790858e-09
1.1845061465e-07
1.20934217307e-07
2.4017401401e-09
4.07244044709e-07
6.61969963289e-08
2.22444107578e-09
2.29190111334e-09
6.94816222335e-08
4.17775424921e-07
1.20868747899e-07
1.94266669418e-09
4.16410983917e-07
2.21059082151e-09
2.53124388117e-09
4.13473685512e-07
3.28622348889e-07
6.54166640857e-08
2.80991474533e-09
6.71289157594e-08
2.81100609456e-09
2.24409246741e-09
6.79812046656e-08
2.87005930133e-09
6.38580388568e-08
8.69578059337e-07
2.85521006838e-09
3.06534442274e-09
1.21609986081e-07
1.49692027662e-06
6.61050094664e-08
2.45516962316e-09
2.67479127736e-09
2.7502773392e-09
1.48740014083e-06
2.79491851884e-09
2.86203460931e-09
6.4635095498e-08
