6.58115295593e-09
6.49789022589e-09
6.64941124384e-09
6.34807140187e-09
6.29592689094e-09
6.46159037387e-09
6.48729692188e-09
6.56452980863e-09
6.40081498915e-09
6.44181419318e-09
6.40815089881e-09
6.42694786279e-09
6.49088027771e-09
6.38505515127e-09
6.37087671507e-09
6.5712928432e-09
6.60806565023e-09
6.44566222618e-09
6.38782449158e-09
6.47096021211e-09
6.5508216629e-09
6.44818154427e-09
6.39468655805e-09
6.4874892125e-09
6.57593179909e-09
6.38599706448e-09
6.35794972226e-09
6.55155307783e-09
6.37544506077e-09
6.3760445812e-09
1.01383144935e-10
6.38268105035e-09
9.28562296498e-11
9.4894862801e-11
6.47484466043e-09
6.43402175982e-09
6.33515373494e-09
9.08494390828e-11
6.49066089764e-09
6.32946628443e-09
6.28192875496e-09
9.55920273493e-11
6.42104014403e-09
6.35003161165e-09
6.42771258441e-09
6.47290221423e-09
6.49830322885e-09
6.55274723371e-09
6.49670983677e-09
6.39554142978e-09
6.46309672447e-09
6.56337073579e-09
6.43344844065e-09
6.36099883877e-09
6.30229601839e-09
7.32787386326e-09
7.57462359502e-09
7.4864869859e-09
7.62013474542e-09
7.56611928665e-09
7.53131867981e-09
7.48359862968e-09
7.46999262446e-09
7.52656070802e-09
7.34044958151e-09
7.46607753399e-09
7.40358219176e-09
7.3757089325e-09
7.11755543392e-09
7.32134353143e-09
7.31616056626e-09
7.41651229319e-09
7.23449389284e-09
7.33420169041e-09
7.37202343615e-09
7.35524752216e-09
7.11031589162e-09
7.35851957145e-09
7.2627086567e-09
7.19621739975e-09
7.23266868619e-09
7.31644833607e-09
7.25945881186e-09
7.17086789948e-09
7.18954451528e-09
7.20795290121e-09
7.31196259096e-09
7.17782455695e-09
7.16530612621e-09
7.24130311269e-09
7.11424474886e-09
7.18772552588e-09
7.1052914663e-09
7.1396986101e-09
7.2865011802e-09
7.0965580079e-09
7.28804439021e-09
7.18792714238e-09
7.27307503112e-09
7.23530524382e-09
7.15158954279e-09
7.31440952251e-09
7.25571513982e-09
7.29769888963e-09
7.32338367726e-09
7.06816072338e-09
7.35013694353e-09
7.22820914234e-09
7.42863104364e-09
7.44693151589e-09
7.38574579273e-09
7.38513117327e-09
7.51746309646e-09
7.43320072161e-09
7.39107397507e-09
7.51312168035e-09
7.56632623222e-09
7.46649053696e-09
7.50361905943e-09
7.43376959988e-09
7.44610861858e-09
7.37124672412e-09
7.43150874172e-09
7.5914412534e-09
7.48236139714e-09
7.51828910239e-09
7.54249551704e-09
7.62575602664e-09
7.57462359502e-09
7.45660422297e-09
7.61888685474e-09
7.5860411286e-09
7.53338813553e-09
7.51022888323e-09
7.62263319132e-09
7.47622852515e-09
7.39800842808e-09
7.51759365869e-09
7.66265184637e-09
7.5800201671e-09
7.55449747203e-09
7.5700601343e-09
7.61049356868e-09
7.48427098074e-09
7.57275664398e-09
7.53235340767e-09
7.6157649076e-09
7.54462625707e-09
7.72958230755e-09
7.43661754399e-09
7.62284102507e-09
7.59725882205e-09
7.53918349972e-09
7.58583329485e-09
7.61722152021e-09
7.62013474542e-09
7.58500284803e-09
7.45845785133e-09
7.57752971481e-09
7.66098207095e-09
7.56715579087e-09
7.62554730471e-09
7.58749507668e-09
7.57088969294e-09
7.67622321263e-09
7.62180096814e-09
7.61389351567e-09
7.64346363979e-09
7.5690227419e-09
7.64804930498e-09
7.64388019547e-09
7.65222019083e-09
7.62034346735e-09
7.63762830758e-09
7.630128529e-09
7.62797558451e-09
7.70989139198e-09
7.67371677313e-09
7.58271934131e-09
7.60459961668e-09
7.65952101744e-09
7.63075380661e-09
7.55941176322e-09
7.53752793514e-09
7.68792496331e-09
7.59206475465e-09
7.59642748704e-09
7.54767359723e-09
7.61930252224e-09
7.55782636475e-09
7.57607665491e-09
7.5164283686e-09
7.57752971481e-09
7.67183738759e-09
7.65813279457e-09
7.71903962971e-09
7.56860796258e-09
7.51800666166e-09
7.54435980355e-09
7.65361107824e-09
7.62887886196e-09
7.64346363979e-09
7.68625341152e-09
7.68562635756e-09
7.71240404873e-09
7.62554464018e-09
7.56446016936e-09
7.56176454786e-09
7.62679697175e-09
7.60543183986e-09
7.55057349977e-09
7.56985230055e-09
7.62513074903e-09
7.64742402737e-09
7.61527818582e-09
7.72769581658e-09
7.67051666628e-09
7.6546537997e-09
7.55886286896e-09
7.69329400185e-09
7.58334195439e-09
7.68980701338e-09
7.61139684613e-09
7.7759763073e-09
7.80853603999e-09
7.74866837361e-09
7.78859554629e-09
7.70773134207e-09
7.8106427992e-09
7.57572404808e-09
7.56003259994e-09
7.69747821039e-09
7.6820727557e-09
7.78796493961e-09
7.76687514303e-09
7.7114998831e-09
7.85897213973e-09
7.80248843313e-09
7.78565034665e-09
7.87743115183e-09
