4.87665545279e-07
5.00669102621e-07
1.10894291083e-07
4.98791337122e-07
4.82539405766e-07
5.00701901274e-07
4.95574226989e-07
1.25044905985e-07
5.39458881121e-07
5.4391540516e-07
5.53426900751e-07
5.37625055586e-07
5.59667000744e-07
1.4121717129e-07
8.18764889221e-10
5.28582006609e-07
5.45866100765e-07
5.53212998966e-07
5.43381474927e-07
5.12153690124e-07
1.17209864925e-07
1.19550429645e-06
5.02522198076e-07
5.54559676402e-07
5.09941742166e-07
5.10616246174e-07
4.88686850986e-07
5.11656082836e-07
1.11374625078e-07
5.6301848872e-07
5.5257078202e-07
1.4894645517e-07
9.67926849782e-10
5.19908155638e-07
1.17900924579e-06
5.02347063502e-07
1.24510719957e-07
5.24277140812e-07
5.56333077384e-07
5.42425141248e-07
1.45207650348e-07
1.46600015682e-07
1.40189030162e-07
5.13356155807e-07
5.17591047355e-07
1.25307337839e-07
1.18710784136e-06
5.42997213415e-07
5.34254184004e-07
4.55862014803e-10
5.29595354237e-07
1.4663764647e-10
1.55650881073e-10
2.33117580795e-10
1.3511444763e-07
1.22366344613e-07
5.15761144015e-07
1.21159274613e-07
5.1381260846e-07
5.22054563135e-07
5.20960327322e-07
2.18458653944e-10
1.37789157861e-07
1.135198886e-06
5.22291827565e-07
5.2704507425e-07
5.21027345712e-07
1.13597616291e-06
1.23272300812e-07
1.28978172143e-07
1.38227662205e-07
1.41289078215e-07
5.25497227954e-07
1.13018097636e-06
1.34634120741e-07
5.25997677414e-07
1.33508848421e-07
5.12362703375e-07
1.33687933612e-07
5.22127322711e-07
5.23114067619e-07
5.20977721408e-07
5.226365829e-07
1.36239975745e-07
5.2582635135e-07
5.1521254818e-07
1.31696253902e-07
1.37761787755e-07
5.17672049227e-07
5.08459606863e-07
1.33041197614e-07
1.36498883307e-07
5.34199386115e-11
1.24152472836e-06
1.11803535674e-06
1.33276401471e-07
5.08944708599e-07
1.14071951884e-06
5.38352026069e-07
5.23309665823e-07
1.13646683531e-06
1.20319043617e-07
5.12841609179e-07
5.24160213899e-07
1.3699788326e-07
5.17101625519e-07
5.14547366492e-07
1.37597240268e-07
1.25172380194e-06
1.12730708679e-06
1.19418587019e-07
5.1375292287e-07
1.3271176158e-07
5.2777863857e-07
1.38180297427e-07
2.49565541843e-11
1.25319604649e-06
5.2410268836e-07
1.33142819436e-07
1.1799488675e-07
5.25594487044e-07
5.35668164048e-07
1.35955687597e-07
1.2972748209e-07
1.29571716911e-07
5.2262760164e-07
3.34056365903e-10
5.20639673596e-07
1.38421142992e-07
1.25152851638e-07
5.34776347649e-07
5.23966946275e-07
1.22830260807e-06
1.36417313001e-07
5.14922646744e-07
1.36304748821e-07
1.36954838581e-07
5.15899102993e-07
1.2317633491e-06
5.27978158971e-07
1.28483975459e-07
1.3864323023e-07
1.41509048035e-07
1.39864297921e-07
1.40958221095e-07
1.41536588671e-07
1.20888989841e-06
5.50389870568e-07
5.32870274128e-07
1.46798569745e-07
1.46393489331e-07
1.19162457679e-07
1.36978556498e-07
1.34901867455e-07
1.15267403089e-06
1.99955047719e-06
5.4548411299e-07
5.27770964709e-07
1.1758096008e-07
1.36821270758e-07
1.46006499335e-07
1.39393904419e-07
1.45451693356e-07
1.13089379283e-06
1.203552074e-06
1.1493183365e-06
5.37240111953e-07
5.41679355592e-07
5.23509697814e-07
2.20765082304e-06
5.3358024843e-07
1.23465251911e-10
5.28606165062e-07
5.26323333361e-07
5.45008649322e-10
5.3362464314e-07
1.14121451134e-06
1.14731858503e-06
1.23270240238e-06
1.14309398214e-06
1.37914597076e-07
1.17169099667e-06
5.36521667982e-07
1.15040916171e-06
5.41850340596e-07
5.19487400652e-07
1.21719608615e-06
6.04573113794e-10
1.20737496445e-07
1.16253931992e-06
1.1462952898e-06
1.204850264e-06
5.53722031782e-07
1.20491256439e-06
1.4232233525e-07
1.16934700145e-06
5.43981457213e-07
5.32955652943e-07
1.1463868077e-06
1.15985289995e-06
5.3358024843e-07
1.16495164093e-06
1.17556169243e-06
5.31771604528e-07
1.18915784242e-06
5.62355808142e-07
5.42211068932e-07
1.17782735742e-06
1.5033775469e-07
1.20141874049e-06
5.4009598216e-07
1.18114724046e-06
5.58177703169e-07
5.59750105822e-07
1.19047558655e-06
1.20213508126e-06
5.59548823276e-07
5.72086435113e-07
5.55852295747e-07
5.51752975753e-07
1.17972751923e-06
5.49637150016e-07
4.79618563531e-07
5.6107336377e-07
5.75584692797e-07
5.59421380331e-07
1.49754541212e-07
5.61393221687e-07
5.64439403661e-07
1.18216939882e-06
5.58587260002e-07
5.55309384254e-07
1.5372340556e-07
5.54535176889e-07
1.20019115002e-06
5.57493024189e-07
4.87658894599e-07
1.58165448738e-07
5.59683144274e-07
5.64920071611e-07
1.17504987429e-06
5.62824709505e-07
5.7383647345e-07
5.81032111313e-07
1.57930145406e-07
1.18772061342e-06
5.71536929783e-07
5.66376172628e-07
1.54142298925e-07
2.06025674743e-06
5.56689883524e-07
1.19036610613e-06
5.63252399388e-07
5.62071193144e-07
2.05791002372e-06
5.66534026802e-07
1.20175445772e-06
1.20210825116e-06
