4.30816733399e-08
3.69756527618e-08
4.26694519717e-08
3.94951271687e-08
4.14640943802e-08
4.81724278245e-08
4.71056651463e-08
4.64250931032e-08
4.40795879797e-08
4.93623169007e-08
5.14687279463e-08
4.60661944146e-08
4.5525368364e-08
4.48614052573e-08
5.04970429915e-08
4.553045585e-08
4.70979024669e-08
4.72817660579e-08
4.57979325574e-08
4.23622026346e-08
4.28740811742e-08
4.5223192302e-08
4.21783816762e-08
3.76179656314e-08
3.97680430808e-08
4.23744666023e-08
4.07775715416e-08
4.18290113657e-08
4.07679436876e-08
4.16098693279e-08
4.21979713394e-08
3.76249005285e-08
4.01063289246e-08
4.65278944262e-08
4.20193977391e-08
4.3202998512e-08
4.29135837976e-08
4.19558858766e-08
4.26596038494e-08
4.58796058922e-08
4.63480667179e-08
4.54694273344e-08
4.2014509205e-08
4.49826806914e-08
4.26226769434e-08
4.66359502127e-08
4.71341259356e-08
4.42449312743e-08
4.4674752786e-08
4.59817961485e-08
5.50082219775e-08
4.55101094587e-08
4.36974900708e-08
4.35854268233e-08
4.81986006662e-08
4.75023540503e-08
4.05636093603e-08
4.45614389832e-08
4.35530758125e-08
5.10449993385e-08
4.62787994593e-08
4.26817692301e-08
4.48134400699e-08
4.69428051986e-08
5.06069355311e-08
4.46596359893e-08
4.67183696173e-08
4.69789718238e-08
4.48942323317e-08
4.92987695111e-08
5.10800184372e-08
4.6063632908e-08
4.48134400699e-08
4.64533513878e-08
4.40445582228e-08
4.48361561212e-08
4.30346744906e-08
4.4142183242e-08
4.35257163645e-08
4.15758343308e-08
4.05660109948e-08
3.81050746512e-08
4.40070380137e-08
4.18875458763e-08
4.5624620526e-08
4.68214906846e-08
4.59102516004e-08
4.95585013027e-08
4.68911629525e-08
4.70332501834e-08
4.84344262475e-08
4.56271678217e-08
4.33145750378e-08
4.98961085782e-08
4.6909235607e-08
4.86235052222e-08
4.51471713347e-08
4.65613254619e-08
4.35978684266e-08
4.74218460056e-08
4.8878817438e-08
4.39420446696e-08
4.83007163155e-08
4.53373409925e-08
4.26128359265e-08
3.9223149173e-08
4.20071835094e-08
5.01734263025e-08
5.31564054995e-08
5.52461330017e-08
5.67695437326e-08
4.80939661429e-08
4.7367343825e-08
5.79831009873e-08
5.50809424738e-08
5.58361072933e-08
5.27367234326e-08
4.89157265804e-08
4.69970622419e-08
4.84921613975e-08
4.95850400739e-08
4.83242992289e-08
4.26497521744e-08
4.83924580408e-08
4.88551030742e-08
4.44960370771e-08
4.65536089678e-08
4.95293122071e-08
4.62121505507e-08
4.7994674901e-08
4.3257532667e-08
4.22935286792e-08
4.45715073738e-08
4.46445227453e-08
4.77651305175e-08
4.92405582975e-08
5.17368157205e-08
5.76277017217e-08
4.693505673e-08
4.98614980415e-08
5.3815309542e-08
4.83478892477e-08
4.35431282142e-08
4.36053362307e-08
4.80547619475e-08
4.99547070376e-08
4.76791903736e-08
4.30519868644e-08
4.30866258228e-08
4.57877291637e-08
4.54262263361e-08
4.81384212492e-08
4.42098340159e-08
4.94365046677e-08
4.80338577802e-08
5.27312487009e-08
4.91718026296e-08
4.81828976717e-08
4.94391514394e-08
4.85578119935e-08
4.5535543336e-08
4.65741862854e-08
4.85446811638e-08
4.38146940951e-08
4.22396126964e-08
4.51091857201e-08
4.54313067166e-08
4.54846791342e-08
4.3441197306e-08
4.43929941696e-08
4.69738061781e-08
4.43528200833e-08
4.48008279363e-08
4.36078302357e-08
4.65664697913e-08
4.60099229826e-08
4.22396126964e-08
4.81018105347e-08
4.46495604933e-08
4.42424230584e-08
4.44030447966e-08
4.55788011777e-08
5.06203434725e-08
4.49296031491e-08
4.54338504596e-08
4.51750388208e-08
4.67544474247e-08
4.95240044529e-08
4.84580411353e-08
4.69918894908e-08
5.19784215669e-08
5.15444789073e-08
4.84186877259e-08
4.97072285555e-08
5.09534672233e-08
5.01013559528e-08
4.97763537055e-08
4.95611551798e-08
4.68834180367e-08
4.77990020897e-08
4.7981622231e-08
5.13092857091e-08
4.79476796045e-08
5.17286835588e-08
4.99227432726e-08
4.96115895032e-08
5.03364425697e-08
5.13714120132e-08
4.98881220778e-08
5.15444789073e-08
4.76896033774e-08
4.25783888147e-08
4.67261003223e-08
4.91242317935e-08
5.34839728061e-08
4.69557193128e-08
4.61762788007e-08
4.85157904961e-08
5.28682093659e-08
5.24442071992e-08
5.03685413378e-08
4.7840714501e-08
5.04434822801e-08
4.86524278642e-08
4.80469211084e-08
4.52967370279e-08
4.60789912893e-08
4.92008851438e-08
5.34040509592e-08
4.63506317772e-08
5.07491684232e-08
4.74867647426e-08
4.90714029411e-08
5.0582801947e-08
4.98881220778e-08
5.03578405642e-08
5.01280403853e-08
5.21225693717e-08
5.10773254803e-08
5.17286835588e-08
