2.56155363587e-09
1.71560751716e-10
2.56592991299e-09
2.54513898845e-09
2.53702658881e-09
2.54243359699e-09
2.52847742743e-09
2.52682919033e-09
2.57635690559e-09
2.58483479065e-09
2.54453769166e-09
2.64104760284e-09
2.66053468145e-09
2.57802090786e-09
2.52982634841e-09
2.56125187725e-09
2.52727883066e-09
2.52952636615e-09
2.53762721947e-09
1.66216165831e-10
2.5041098084e-09
2.55326448872e-09
2.60396149088e-09
1.90397919653e-10
2.59681876003e-09
2.58089705163e-09
1.76712505739e-10
2.57635690559e-09
2.55582510711e-09
2.46548492733e-09
1.4766859957e-10
2.44997155896e-09
1.72185890546e-10
1.53556847793e-10
1.43461784119e-10
1.55966711768e-10
1.45863376932e-10
1.54815035791e-10
1.48466405836e-10
1.53963342076e-10
1.61485894101e-10
1.51422346883e-10
1.60578259023e-10
1.67679412022e-10
1.60049959397e-10
1.56376384064e-10
1.59597848826e-10
3.42404860021e-09
3.38839178937e-09
3.23575455319e-09
3.34653993406e-09
3.32175997819e-09
3.3300096014e-09
3.22322168955e-09
3.35551098019e-09
3.30186500364e-09
3.24135118746e-09
3.23050119988e-09
3.26191407218e-09
3.26531934824e-09
3.30083760325e-09
3.29194005388e-09
3.22965432176e-09
3.33241789718e-09
3.2969007524e-09
3.29707172675e-09
3.3300096014e-09
3.28510396663e-09
3.27673954637e-09
3.18291037971e-09
3.29347926709e-09
3.24372706473e-09
3.29724292314e-09
3.33620397974e-09
3.24067261914e-09
3.28339599953e-09
3.24016347086e-09
3.2886919854e-09
3.26838556219e-09
3.19721782382e-09
3.27588645099e-09
3.28954663509e-09
3.29844107583e-09
3.28544569328e-09
3.32863403507e-09
3.27196425509e-09
3.3308698022e-09
3.29741389749e-09
3.34360983345e-09
3.45638651034e-09
3.34964389559e-09
3.2912561565e-09
3.23134830005e-09
3.29878324656e-09
3.2933080707e-09
3.28852101106e-09
3.29861227222e-09
3.34343752684e-09
3.31935545717e-09
3.3205578287e-09
3.30374927415e-09
3.32450866836e-09
3.27673954637e-09
3.27196425509e-09
3.32932192926e-09
3.38232286623e-09
3.34516103706e-09
3.35551098019e-09
3.38145644818e-09
3.35551098019e-09
3.39359851331e-09
3.26327609379e-09
3.35516570082e-09
3.34895422505e-09
3.35067906754e-09
3.30546234828e-09
3.30751870337e-09
3.35585648159e-09
3.31026162037e-09
3.31746718985e-09
3.3205578287e-09
3.48219053592e-09
3.374008406e-09
3.45410899882e-09
3.41446404484e-09
3.46357387215e-09
3.39794015147e-09
3.43207506859e-09
3.4381886227e-09
3.46866224632e-09
3.5112686092e-09
3.49874151873e-09
3.43748984832e-09
3.56658280687e-09
3.53444074008e-09
3.5112686092e-09
3.47972894943e-09
3.44728157131e-09
3.48394935124e-09
3.48729267685e-09
3.4827181139e-09
3.46673179052e-09
3.50403173144e-09
3.47287598679e-09
3.49204576366e-09
3.50579631991e-09
4.71302441518e-10
3.47709239179e-09
3.47094442077e-09
3.51197493309e-09
3.53089801841e-09
4.85184170618e-10
4.56666454651e-10
3.49257422982e-09
3.47480799689e-09
4.73569683468e-10
4.79555117838e-10
3.55004980968e-09
4.79685624555e-10
3.50156259543e-09
4.87681894867e-10
4.74283334828e-10
3.52948159588e-09
3.55946694341e-09
4.91374441136e-10
3.55449025768e-09
3.44938166918e-09
4.8367548855e-10
4.55393583954e-10
3.53904883177e-09
4.66205074545e-10
3.42701378386e-09
3.52346440913e-09
4.89262685921e-10
3.53780782447e-09
4.69880190312e-10
4.6916981411e-10
5.02001329394e-10
4.95810614787e-10
4.60495641619e-10
3.54312779116e-09
3.51091533624e-09
4.61455429424e-10
4.71690742021e-10
3.47322726135e-09
4.83020290432e-10
3.55537888019e-09
4.88076856708e-10
4.99400576448e-10
3.49803630506e-09
3.52541040805e-09
4.12991946197e-10
4.29382834843e-10
3.35309469079e-09
4.21881751755e-10
4.21025214692e-10
3.39950356754e-09
4.01027488994e-10
4.16816386961e-10
4.07559097582e-10
3.87828991144e-10
4.13052536619e-10
3.45621153919e-09
4.23781509884e-10
4.13779704944e-10
4.2365883024e-10
4.11963019253e-10
4.18948653547e-10
4.25685514616e-10
4.29691671133e-10
4.30989965938e-10
4.30309649024e-10
4.13900941298e-10
3.3785110265e-09
4.71431893523e-10
4.28210272796e-10
4.32662072836e-10
3.41220052213e-09
3.41916739366e-09
4.13052536619e-10
3.4268392568e-09
4.30680657804e-10
4.12265499516e-10
4.54313059395e-10
4.43201891853e-10
4.47856862706e-10
4.43892311797e-10
3.39741879074e-09
4.18216961062e-10
4.40946085201e-10
4.24640878016e-10
4.46155612455e-10
4.44206310624e-10
4.53805021339e-10
3.43224959565e-09
4.57494736539e-10
4.58387605651e-10
4.53678067336e-10
