1.9457347733e-08
1.15396945333e-08
1.72795253661e-08
1.55105031041e-08
1.72423355593e-08
9.01438390599e-09
8.98872354327e-09
1.61491762185e-08
1.85282083009e-08
9.99023086479e-09
1.77152834624e-08
9.68319113781e-09
9.54292023181e-09
1.61613673555e-08
9.16537690188e-09
1.79695813785e-08
8.89789930625e-09
1.73408931659e-08
1.52235646311e-08
1.75442682604e-08
9.57355972275e-09
1.64274673864e-08
2.07091961357e-08
9.52289891387e-09
2.0661254041e-08
1.00766284206e-08
1.91161912966e-08
1.87666184814e-08
1.7621625048e-08
9.487037822e-09
1.71306453467e-08
1.72152727629e-08
2.06478230069e-08
1.71800671467e-08
1.9120150796e-08
1.67691815989e-08
1.74210086357e-08
1.00459622843e-08
1.84971380435e-08
1.67776459392e-08
1.59763704488e-08
9.59692592062e-09
2.04561079187e-08
9.63944390975e-09
2.10127009126e-08
1.97168095184e-08
1.73188325903e-08
1.90903577391e-08
1.41772593665e-08
2.05736601089e-08
1.77586745309e-08
1.85449540169e-08
1.93056717279e-08
1.87255650985e-08
2.11596695721e-08
1.92160332091e-08
1.81401453858e-08
1.84514217239e-08
1.06858051296e-08
1.95510807544e-08
2.08278603253e-08
1.88311251037e-08
2.21115517007e-08
2.09993515909e-08
2.06039594275e-08
2.09675441454e-08
1.9498102688e-08
2.02363512614e-08
2.16322391111e-08
1.14677867202e-08
1.99251015687e-08
2.05242205453e-08
2.23205418592e-08
2.01541467959e-08
2.04648813451e-08
2.2357124152e-08
2.01594616556e-08
2.11122141991e-08
2.04467394127e-08
2.04707877316e-08
1.94743954296e-08
2.05202095316e-08
2.0513770238e-08
2.08775468025e-08
1.19115695085e-08
2.15290363315e-08
1.07645270475e-08
2.16750848381e-08
2.12462385463e-08
2.06757988508e-08
2.34096564355e-08
2.15312550012e-08
1.17175611436e-08
2.07367598648e-08
1.19773240215e-08
2.03377847896e-08
1.21929195629e-08
2.01381702425e-08
2.33217747336e-08
1.27244046411e-08
1.94609821591e-08
1.96127096785e-08
2.1234503933e-08
1.16515153081e-08
2.19956426406e-08
2.16394937524e-08
2.39869688556e-08
1.15405303092e-08
2.26494325517e-08
1.32627198113e-08
2.23658638276e-08
9.74945368881e-09
2.22780229819e-08
2.18210942649e-08
2.12118180798e-08
1.23956036546e-08
1.19429754974e-08
2.48585951823e-08
9.65382351836e-09
2.17400710767e-08
2.31350867352e-08
2.37600357167e-08
2.18272262487e-08
1.20203429432e-08
2.03962233769e-08
2.09806287899e-08
1.21107088802e-08
9.86153292359e-09
2.21556994973e-08
1.15521503474e-08
2.10544168766e-08
1.10157367672e-08
1.01925685669e-08
1.26301635817e-08
2.31096457526e-08
2.40504647309e-08
2.05048120705e-08
1.03494999237e-08
2.14215045702e-08
1.26718209259e-08
2.12841868574e-08
1.35798332579e-08
1.07170681218e-08
9.47662393003e-09
1.31655566449e-08
1.13358069598e-08
1.45061287427e-08
1.25479191482e-08
