9.50301226599e-11
9.15130904389e-09
9.22816045801e-09
6.04109123836e-11
9.03960906129e-09
5.5001621313e-11
9.16043418897e-09
6.6486337269e-11
9.32949828503e-11
4.08081762826e-11
9.37907529419e-09
8.97879132156e-11
8.5133816663e-11
9.72803171351e-09
9.8193675413e-09
1.52377346851e-10
1.11460229935e-10
1.12311368539e-10
1.17098872265e-10
1.21131979447e-10
8.34102578673e-11
9.15045372807e-09
6.5276860306e-11
9.34965882493e-09
1.04706660009e-10
1.06944675338e-10
9.25767171256e-11
9.30073448813e-11
1.02854696982e-10
8.6431126145e-11
1.03278274821e-10
8.28396518049e-11
9.18326734101e-11
1.33503250122e-10
1.38157360552e-10
9.57519930012e-09
9.38571442788e-09
9.64356061672e-09
1.12374547168e-10
1.11617604048e-10
8.77103389918e-11
8.75708394688e-11
1.10205233828e-10
9.42184039121e-11
8.27040866347e-11
1.06022080004e-10
8.67084182232e-11
8.87180121034e-11
8.22980433801e-11
7.14856507322e-11
8.6431126145e-11
8.48316070168e-11
1.0716052351e-10
9.39668964861e-09
7.39250882731e-11
8.04698530033e-11
1.02311367711e-10
7.04813013508e-11
5.77991092487e-11
8.18390702428e-11
9.37647826049e-09
7.4902001268e-11
7.38482330842e-11
7.97762689242e-11
1.02552667747e-10
9.57840740057e-09
9.32633170692e-09
9.41258537779e-09
9.39004637934e-11
9.60964108287e-09
9.34360855354e-09
7.89002613244e-11
9.17698539382e-09
2.36895475458e-10
3.09856529324e-10
3.02814828768e-10
3.29462596094e-10
3.10223846611e-10
3.08389369597e-10
2.81475009967e-10
2.87001894472e-10
2.96777546982e-10
2.54741838734e-10
2.57508153689e-10
2.6434393563e-10
2.47703718648e-10
1.77267589496e-10
2.26776888934e-10
2.09094117021e-10
2.30924612765e-10
2.04721573027e-10
2.37675906734e-10
2.40995501333e-10
2.33467717381e-10
1.74422185029e-10
2.35978958596e-10
2.22355578394e-10
2.13208117827e-10
2.07373881955e-10
2.23334323257e-10
2.45270692645e-10
1.9913158622e-10
2.06216752008e-10
1.86674148361e-10
2.20139129148e-10
1.89371240911e-10
1.89863694211e-10
2.00479632895e-10
1.90644722231e-10
1.9820746433e-10
1.84603263231e-10
1.97243610334e-10
2.37308478424e-10
1.78181386312e-10
2.13077597233e-10
2.1168776454e-10
2.07116462869e-10
2.08577294325e-10
1.85211151971e-10
2.21955787083e-10
2.2413672307e-10
2.26238652812e-10
2.25969784551e-10
1.83309797896e-10
2.42060760325e-10
1.90562440827e-10
2.62795646355e-10
2.51045156885e-10
2.58465526759e-10
1.07182120956e-08
2.78980560875e-10
2.71514727368e-10
2.35109931523e-10
2.7239938083e-10
1.08665121346e-08
2.66334287957e-10
2.66772215429e-10
2.6609117687e-10
2.58369686756e-10
2.50761911236e-10
2.65896749063e-10
2.78483014426e-10
2.61300092674e-10
2.79030354378e-10
2.64053279242e-10
2.93705060272e-10
2.78284117972e-10
2.45037379276e-10
2.86699025631e-10
2.90445362205e-10
2.77042611074e-10
2.76150435852e-10
2.8508653771e-10
2.71956873688e-10
2.45597514548e-10
2.79877288012e-10
3.0770938575e-10
3.01054153828e-10
2.89531870701e-10
2.90750201692e-10
2.99762797917e-10
2.74814893064e-10
2.70386435464e-10
2.75160838559e-10
2.91106028172e-10
3.00743957515e-10
3.13645193151e-10
2.7684421422e-10
3.01002445191e-10
3.02348285297e-10
2.7239938083e-10
2.84030798881e-10
2.95751589885e-10
3.08389369597e-10
2.83528756029e-10
2.59664706403e-10
2.73778361093e-10
3.06403818984e-10
2.94778590426e-10
3.08127745541e-10
3.05048958316e-10
3.18785720044e-10
3.12169068373e-10
3.00279023868e-10
2.99608005072e-10
3.16607823292e-10
2.86093815305e-10
3.14173187466e-10
3.13486847592e-10
3.21398380132e-10
3.24988036482e-10
3.12011111392e-10
2.92990437467e-10
3.18892134921e-10
2.93194524215e-10
1.09895719191e-08
2.87961987588e-10
2.97908114844e-10
3.02192826318e-10
2.82425804965e-10
1.08609210514e-08
2.65459543236e-10
2.99556435213e-10
2.96777546982e-10
2.85741069694e-10
2.71465627755e-10
3.06925707072e-10
3.16607823292e-10
3.35385275108e-10
1.09817630545e-08
2.95495405922e-10
3.07604830496e-10
3.15865833489e-10
3.44174688749e-10
1.12330313939e-08
3.26278726259e-10
3.12853964957e-10
3.10066389231e-10
3.03022329451e-10
3.22360804716e-10
3.10748982102e-10
3.22360804716e-10
3.01209307496e-10
2.97959545925e-10
3.07866232507e-10
3.23646276446e-10
3.65106445077e-10
3.35276140184e-10
3.18519710607e-10
3.1623670349e-10
3.49001633149e-10
2.98319757785e-10
3.22146836984e-10
3.22467857972e-10
3.33641031469e-10
3.81108949954e-10
1.12652731588e-08
3.48278239581e-10
3.34076655228e-10
3.85075443754e-10
3.3282498979e-10
3.00537261744e-10
3.40645261998e-10
3.4472780186e-10
3.89709375881e-10
3.39985539721e-10
3.3146713152e-10
3.51120521547e-10
3.77105069393e-10
3.72719494157e-10
3.83848286489e-10
